169712
169403
162591
169742
162592
166304
166081
166078
169714
169777
165737
169197
169495
169109
167649
166080
169178
166744
166070
169393
169396
167295
166870
166451
164132
166309
168798
166310
169345
166303
169146
168313
165726
166077
169157
164945
166116
168800
164961
164090
164143
166305
164144
164964
169111
166117
166114
166111
164243
169559
169470
166118
164238
164104
166028
165822
164140
163800
169074
166076
162502
169498
167987
169914
164997
165309
163262
165613
163081
163212
169713
162550
163844
166029
169471
164138
165357
169539
165381
162512
169904
169871
163032
166030
169443
169528
169553
163034
169534
162669
169872
163028
162615
166664
162662
163035
162626
162692
166592
163045
169453
162707
162703
167211
168218
166322
162616
166320
166319
167974
166301
165122
167957
162711
166302
166371
165240
168687
165461
168851
165106
165109
167569
166004
166008
165667
165870
165378
166005
166011
165467
165215
168025
165238
166010
164544
165129
165499
165658
165880
164557
164545
165646
165573
165548
164971
164495
164512
164698
164778
164720
164606
164502
164968
164826
164699
164481
164806
167752
164700
164704
167727
167759
167506
167426
164701
167206
167731
167732
167397
167765
167741
167734
168181
167730
167687
168182
166012
167396
167679
168147
168175
168165
167948
168038
168293
168241
167773
167938
167832
168070
167939
168256
167830
168050
167803
166318
168259
168134
166316
167770
166403
168127
167972
166386
168043
166355
166317
166206
166323
166034
166368
166270
166037
166370
166492
166485
166389
166009
167964
166273
166271
166027
166031
166262
167053
167040
166517
167034
166771
167055
167094
166740
167036
166812
167167
169876
167066
166772
166651
166689
169893
166713
169866
169865
169887
169891
167033
169885
167073
169862
169889
169858
166858
169912
169802
169881
169903
169481
169877
169884
169460
169479
169483
169796
169803
169450
169507
169878
169811
169550
169807
169448
169386
169886
169482
169480
162773
169547
169572
169907
163024
163027
169543
169502
163143
169812
169541
169896
169854
163060
162713
169837
169901
162753
169546
169835
168430
168572
169833
169846
168426
163010
162739
168334
168523
169836
169844
168604
168495
169841
162987
168565
169847
168474
168573
168576
168405
168868
162734
169829
169826
168485
169832
168634
168707
168863
168713
168714
168706
168624
168723
168442
169244
168710
168682
168834
168481
168717
168720
168724
168696
168678
168702
164080
168683
168685
168673
164109
168712
168677
164228
164016
168691
168679
164206
168690
168674
168697
164334
164350
168688
168692
169797
164298
164376
168684
166185
168689
163346
163070
164273
163076
163118
163927
168653
169798
164347
166187
164345
166288
162565
166208
162498
162611
163542
168675
169489
167052
166286
168236
165649
169456
169831
169487
168651
164339
165782
169493
165193
162682
164788
166274
162671
169499
166258
166249
168650
162545
164127
165186
162672
169176
164151
166875
169169
169171
164149
164226
169175
169461
169129
168971
169235
168837
165426
169921
168120
163038
169455
164938
168662
163312
169457
164937
169033
166115
169852
168257
168871
163301
169484
168243
166013
165425
168942
164934
168774
169472
164204
168668
162639
163299
165432
163668
169906
166059
163222
166452
169034
165660
168666
166006
169576
165427
162758
164025
163048
166057
163741
55902
72477