161630
155605
161624
156909
154699
158652
160917
159444
157922
160653
155607
160465
162038
160044
161628
160564
155126
154348
160692
158841
157414
160663
158404
161539
158470
158485
158489
158482
158480
158427
158423
159080
158498
158419
159083
158496
159116
159111
159065
159063
159037
159126
159035
159209
159213
159283
159261
159212
159137
159130
159133
158951
158884
158945
159131
158929
159005
158892
157646
157674
157616
157550
158898
157606
157553
157699
157614
157812
157839
157834
157887
157711
157796
157794
157310
157266
157304
157294
158245
157488
157325
157422
157318
157538
158279
157301
157365
158256
158205
158329
158330
158018
158017
157969
158148
160534
158653
160454
160457
160463
160626
160627
160621
160511
160615
160616
160617
160662
160708
160284
160435
160437
160670
160436
157457
161220
161226
161224
161235
161233
161225
161209
161037
161206
161210
160751
160754
161036
161038
160812
159617
159583
159535
159406
159443
159399
159642
159652
159547
159690
159442
159696
159439
159449
159298
159456
159529
160067
159491
159964
160066
160103
160147
159815
159813
160322
160878
159915
159807
159914
159910
162196
161967
162182
159879
162133
162128
162200
161968
154702
162090
156520
158813
162081
160716
160668
162024
162396
162234
162415
160872
162380
154674
162466
162361
162476
154972
162366
162374
162473
156601
162469
162224
162334
162256
162311
162250
159389
162315
157431
160888
156910
162297
161465
156942
159366
157424
154647
161443
154910
154582
161504
161431
154625
161433
161410
161367
161275
161298
161331
161437
161288
155070
161328
161875
161775
161856
158293
161348
161906
161511
161893
161916
161692
161660
161563
161666
161676
161888
161684
161914
161651
155295
155235
155079
155175
155310
155115
155384
155402
154587
155368
154688
155355
154623
154700
154693
154697
154694
154716
154701
154718
154452
155440
154430
154428
154505
154445
154734
154657
154791
154719
156421
154356
156425
154522
154961
154815
156542
156407
156412
156466
156458
156374
156343
156465
157145
157017
154512
156478
154899
156346
156345
157240
157209
157179
157197
157213
156639
156706
156684
156666
155763
156737
155759
155778
155766
155780
155751
155747
155490
155489
155540
155549
155484
155487
155715
155707
155704
155708
155712
155557
155574
155709
155576
155575
155573
155714
155551
156112
156095
156056
156046
156087
156083
156070
156159
155946
155989
156169
155987
157188
161849
156140
159698
162426
162424
162421
154725
155389
157047
154357
155873
157044
154728
