24204
25201
25208
26231
26233
26240
26242
26243
26248
26252
26281
26292
26402
26405
26417
26418
26423
26430
26435
30202
32263
33201
36211
39250
39252
42204
44201
49201
53203
53204
55201
55901
55902
71103
75844
78684
78667
78149
77977
77976
77904
77791
77755
77754
77594
76095
75136
69619
69714
70823
71311
71317
71792
72477
72922
73661
74516
77393
163645
163635
163679
163630
163608
163656
163678
163642
163681
163643
163615
163644
163675
163639
163613
163632
163598
163587
163680
163631
163599
163564
163575
163609
163576
163590
163607
163682
166497
169461
163015
168970
168391
163624
162671
163625
163248
169121
163915
168969
162883
163603
163251
163252
169294
166391
162937
166394
169289
169931
166392
163241
166291
166447
168795
166396
163622
163588
166442
163338
166440
169756
166397
166445
169757
166443
169746
166441
169755
169763
169301
166290
169744
169754
169750
169741
169742
169743
169739
169762
166444
169779
169751
169707
169753
169740
169749
162819
169748
169781
169777
169747
169764
169782
169776
162592
162647
169774
169770
166393
162591
169773
169769
169768
169772
162820
169771
162534
169780
169765
169778
169767
169758
169766
169712
169711
169710
169708
169713
169703
166914
165922
167519
168761
169706
169705
169704
167070
164076
169729
169735
163322
169775
168402
169709
165614
169730
169733
164749
169738
169734
169732
163162
163719
165239
169737
169702
166989
169727
169718
169726
169714
169728
169736
165816
165741
165812
165817
163799
165818
165821
165814
165807
165820
165844
165804
165808
165798
165805
163714
163195
163790
165799
163792
163888
163611
165810
163496
163789
165803
165813
163610
163391
165802
163791
163794
163384
163191
163795
163185
163186
163192
163388
163190
165819
165701
165849
165736
163193
165739
165734
163189
165738
165735
165706
165708
163184
165707
165737
165705
165699
165336
165702
165698
165740
165375
165696
163793
165704
165700
165376
163798
163800
163797
165697
165703
163796
168307
168306
168309
168310
168304
168316
167877
168305
168301
168298
168302
167878
168308
167876
168297
167955
167881
168312
167885
168303
167884
167879
168791
168311
167963
167886
167880
167883
168317
168295
167882
168784
168299
168314
168345
168296
168341
168346
168300
168343
168786
168785
168347
168783
168344
168788
168369
168318
168340
168320
168325
168326
168789
168319
167378
168321
168787
168330
168339
168322
168329
168323
168338
168342
168328
167712
168327
167626
167875
167623
167622
168324
167619
167621
167625
167634
167617
167620
167627
167616
167635
167633
167562
167637
167552
167593
167624
167636
167557
167556
167572
167640
167606
167555
167559
167564
167618
167558
167560
167565
167664
167563
167561
167668
167665
167702
167706
167705
167663
167707
167709
167703
167638
167641
167713
167710
167660
167704
168792
167652
167711
167708
167647
167643
167648
167642
167661
167662
167659
167657
167651
167649
167639
169614
169622
167658
167655
167653
167656
169573
169608
169640
169609
169641
169643
168790
169647
169639
169644
169616
169575
169645
169638
169642
169561
169408
169563
169564
169404
169447
169405
169495
169400
169586
169403
169648
169420
169402
169407
162781
169646
162946
162708
162941
162942
162950
162940
163005
162943
162944
165847
169687
162948
162947
169406
162945
162949
169681
165848
169401
169649
169680
168850
169684
169689
169683
169686
169688
162939
169682
169690
169694
168823
168824
169691
169685
169937
168876
169399
168822
169397
168821
169182
168891
168825
169277
169278
169279
168818
168826
168802
168833
168819
169282
168796
168801
168798
168797
168793
168794
168807
168799
168804
168806
168805
168803
168820
169280
168817
168800
169350
169391
169346
169352
169347
169351
169394
169343
169389
169398
169392
169348
169393
169326
169333
169330
169395
168313
169329
169328
169327
169353
169344
169334
169396
169336
169281
169335
169337
169332
169345
166326
166124
169341
166722
166410
169342
166310
166325
169331
166312
166311
166327
166308
166725
166307
166723
166727
166728
166724
166127
166129
166130
166133
166726
166128
166134
166304
166131
166873
166136
166303
166305
166731
166306
166135
166132
166797
166309
166799
166800
166779
166798
166806
166801
166870
166804
166749
166867
166729
166802
166733
166872
166869
166803
166871
166123
166868
166732
166744
166746
166795
166745
166754
166750
166752
166796
166753
166748
166747
166081
166751
166076
166077
166126
166755
166078
166074
166075
166730
166072
166071
166084
166079
166083
166087
166082
166085
165851
165897
165850
166080
165967
165853
165854
166064
165852
166086
166066
166090
165938
166073
166067
166069
166116
166070
166068
166109
166065
166111
166110
166113
166108
166112
166118
166119
166105
166088
166120
166117
166121
167377
166115
166114
166122
166091
166093
166098
166107
166102
166092
166099
166106
166101
166094
166095
168315
167288
166097
166103
167297
167267
166100
166096
167293
167294
167285
167287
167300
167296
167284
167289
167299
167298
167301
167302
167303
167295
167268
167276
167286
167272
167271
167273
167275
167270
167278
167306
167269
167283
166104
167279
167280
167281
167332
167368
167372
167274
167331
167333
167282
167367
167375
167374
167371
167304
166874
167370
167328
167369
167325
167373
167307
167314
167376
166089
167309
167310
167311
167329
167313
167316
167315
167305
167323
167330
167326
167308
167322
166955
167324
166941
167312
166940
166947
166944
166938
166942
166949
166948
166945
166890
166952
166953
166946
167327
166877
166876
166954
166881
169176
166943
166875
169169
169170
166878
169173
169175
166951
169156
169168
166939
169174
169177
166880
169164
169172
169171
169165
169167
169162
169161
169163
169158
169178
169159
169160
167266
169202
169192
169157
169200
169201
169196
169199
169155
169195
169198
169197
169191
169122
169179
169203
162782
169190
169166
169189
169187
169185
169183
169181
169188
169186
169180
169194
169112
169193
169124
169125
169184
169126
169128
169119
169120
169117
169115
169123
169129
169118
169109
169113
169111
169110
169116
169106
169204
169107
169105
169152
169103
169153
169150
169472
169108
169147
169146
169104
169148
169149
169151
169114
169144
169142
169145
169137
169141
169139
169154
169136
169140
169138
169134
169651
169135
169131
169132
169130
169127
169143
169458
169133
169634
169636
169475
169559
169558
169557
169319
169457
169653
169452
169654
169474
169556
169454
169455
169444
169666
162639
169441
169442
169102
162640
169378
168988
169379
169380
162627
169469
169462
169652
169667
169662
162530
169661
162531
169665
169664
162532
169663
169660
169658
169657
169656
169659
169852
169276
169470
169655
169229
162664
169218
169677
169377
169228
169227
169225
169224
169222
169226
169231
169223
169219
169215
169232
169211
169214
169212
169213
169216
169210
169209
169221
169220
169273
169274
169207
169206
169275
169270
169268
169271
169208
169269
169267
169272
169262
169205
169263
169260
169259
169266
169230
169237
169258
169264
169235
169238
169261
169234
168002
167996
169233
169236
167990
167998
167997
167994
167993
167995
169265
168973
168003
168001
167451
167989
167450
168014
167999
167986
167342
167351
167991
167348
167992
167449
167485
168971
167988
168387
168837
168845
168905
168904
168972
168847
168004
168386
168388
168380
168836
168385
168005
168902
168019
168382
168384
168018
168838
168400
168016
163809
168017
165265
167341
166865
165139
164927
168374
165779
163606
163959
165289
163605
165229
163957
164928
163489
163488
163561
163473
163062
163958
163895
168990
166547
163124
166556
166574
163956
167987
163472
166555
166552
166551
163896
166557
166550
166554
169101
166553
166546
166543
165266
166545
166544
167227
166548
166541
166023
165939
166511
166434
165941
166549
165940
169070
169069
169066
169071
169072
169061
169068
169028
169067
169074
169075
169058
169036
169059
169060
169035
169031
169065
169064
169033
169034
169030
169029
169097
169062
169063
169098
169032
169099
169100
169095
169088
169093
167675
169091
169094
169073
169096
169089
169090
169086
169085
169084
169087
169083
169080
169076
169082
169078
168999
169001
168998
169000
169081
168987
169079
168996
168997
168974
168989
168993
168984
169002
165710
168986
168985
168981
168995
168983
165352
169922
168980
165372
168979
168992
168994
166026
165672
165351
163647
168249
162751
162924
169923
168247
168257
167609
162750
168255
166700
168243
166702
167981
163581
163332
166701
163544
163516
167685
169921
163514
163515
165350
164039
163596
163330
163513
163331
163329
163333
163272
163376
163119
163099
164739
168420
168417
168666
168657
168422
168423
168596
168418
168419
168658
168663
168662
166659
168664
168598
168597
168416
168415
168234
168927
168172
168222
166677
167631
167682
166967
166853
166693
168410
168414
168412
168408
168114
168950
168407
168411
168413
168409
168942
168668
168925
168943
168941
168944
168945
168949
168946
168939
168938
168951
168954
168953
168952
168955
163962
168956
166578
168775
168918
168940
168776
168948
168917
168916
168671
168919
168928
168924
168926
168921
168812
168937
168929
168922
168923
168957
163964
164743
164904
164938
168931
165261
165359
164934
163963
164204
164951
164774
164177
164935
164937
165421
164936
165148
165344
168920
165422
165333
163181
163638
163518
163597
163669
163509
163961
168958
164185
163676
163312
163820
163677
163311
165425
163309
163774
163090
163668
163310
166015
165866
165863
166348
166017
165827
166349
165867
165864
165865
165443
165423
165660
166016
166014
166019
166157
166018
166353
165440
165439
165433
165426
165432
165424
165431
165434
165427
165428
165442
165435
165444
165436
165430
165437
165429
165438
166523
165441
165659
168959
162846
166013
162845
162844
169940
162566
162847
162714
162606
168264
168782
168403
166830
168269
166833
166828
166839
168267
168268
168265
168119
168117
168120
162619
168266
168115
168135
168116
165687
166055
166058
166059
166056
166057
166039
163334
166041
168760
168832
168759
168758
167111
166826
168112
166821
162641
169598
169596
169597
168118
169594
169595
169599
163501
169589
166006
169855
162599
168774
162681
165685
162617
168870
164031
168869
168871
169590
165249
162618
165247
165250
164784
168773
162907
168770
169055
169906
169578
169056
169637
169384
168012
162916
169577
162917
165248
169415
169582
169414
169583
169580
169584
169579
169585
169593
169591
169581
164051
169576
165246
169057
164026
163773
169054
163755
164933
163751
163749
163753
164750
168771
163752
164025
163754
164094
164091
164095
162915
164092
164093
163095
163552
163875
169592
163551
163512
163750
169477
163543
164751
163226
163301
163744
163743
163091
163747
163746
163745
163741
167930
168009
168361
168214
167933
167932
167936
167935
168394
168008
167931
168167
167934
168364
168362
168393
168366
168363
168365
168236
168367
167929
167959
168368
169939
167422
168708
168571
168734
168728
168675
168741
167442
167317
167571
167086
167928
166936
167243
167207
167922
167782
167208
167924
167926
167783
167927
167781
169675
167784
167785
167925
166933
167052
167209
169676
169679
162757
162740
169928
166934
162749
166937
162756
162665
169672
162579
166965
169929
162754
162758
168570
162785
162926
162925
166932
162935
162959
168748
162958
163022
167590
167097
162836
162755
168743
168752
168777
168755
168839
168753
166935
162954
168875
168874
168754
169422
169674
168742
169434
169623
169537
169517
163048
168912
169428
169933
169530
169427
169315
168878
169426
169425
168898
169421
163036
165724
169673
163975
169424
169484
165277
164029
163819
164777
169423
164775
164843
164108
163038
166916
166931
165286
165282
164086
165283
165285
164955
165142
163703
165586
165284
165287
165712
165711
165654
165714
163224
163297
163295
163296
163960
163298
163222
163221
163319
165146
165310
165312
163128
163545
163601
163600
163156
165244
163582
163602
163619
163299
163486
163223
163530
163568
163671
166673
163531
164107
163532
166674
166675
163409
163497
163080
166672
166785
163068
166860
166561
166862
166667
166560
166915
166671
166736
166452
166925
166919
166918
166922
165892
165726
166917
166923
166924
165838
166921
166861
166928
166920
166038
166930
166043
166007
167472
166451
166929
162555
166926
165912
163043
166927
163003
166500
162696
166061
162745
162961
162857
162644
162657
162643
162928
162661
162568
162596
162586
163623
163047
162584
162637
162610
162607
162576
162588
164033
163863
163780
162675
163738
163769
163779
163970
162572
164874
163860
164117
163573
163724
164860
164877
164417
163546
164942
164747
164875
163759
164431
164004
164428
164748
164429
164757
164744
163505
164430
164754
164958
164762
164761
164734
164940
164939
164763
164931
163810
164961
164764
164956
164765
164932
164959
164963
164132
164248
164960
164962
164945
164918
164926
164964
164881
164882
164880
164915
164884
164879
164921
164922
164883
164929
164930
164923
164925
164924
164878
164902
164085
164088
164135
164075
164090
164089
164079
164078
164096
164072
164073
164099
164097
164082
164050
164081
164055
164044
164049
164046
164056
164052
164058
164084
164103
164060
164059
164074
164054
164062
164053
164064
164182
164175
164100
164201
164173
164176
164202
164192
164186
164144
164203
164134
164106
164187
164216
164243
164104
164239
164245
164238
164110
164121
164118
164171
164965
164143
165298
164141
164102
164130
164140
165923
165927
165924
165926
165902
165905
165903
165893
165964
165960
164145
165929
165962
165936
165822
164138
165751
165749
165753
165925
165961
165746
165754
165786
165733
165895
165288
165841
165860
165859
165901
165861
165785
165891
166002
166001
166030
165965
165963
166024
166003
166025
166042
166045
166029
166028
166048
166047
165980
166050
165968
166049
165970
165996
165990
165998
165966
165991
165301
165978
165975
165974
165993
165976
165280
165279
165994
165727
165992
165977
165293
165717
165276
164043
165305
165268
165309
165308
165311
165300
165306
165227
165316
163967
165144
165150
164997
165093
165151
165271
165231
165138
165995
165207
165269
165267
165235
165153
165243
165254
165324
165613
165417
165681
165326
165694
165395
165487
165692
165693
165691
164966
165328
165671
165615
165684
165325
165486
165720
165334
165327
165709
165374
165329
165416
165337
165338
165353
165340
165377
165357
165330
165335
163402
163452
163401
163403
163399
163408
163490
163460
163455
165360
163407
163469
163394
163471
163468
163404
163327
163314
163326
163325
163589
163320
163386
163328
163379
163397
163398
163557
163356
163392
163374
163372
163558
163387
163565
163560
163567
163572
163481
163559
163540
165381
163578
163579
163382
163493
163580
163969
163585
163521
163495
163499
163504
163548
163556
163583
163563
163498
163538
163528
163537
163539
163494
163153
163175
163318
163171
163529
163168
163507
163517
163500
163170
163176
163133
163180
163159
163173
163182
163178
163183
163201
163172
163106
166053
163066
163083
163081
166151
163067
163323
163101
163136
163135
163202
163273
163268
163267
163300
163263
163264
163271
163269
163308
163315
163316
163278
163114
163270
163307
163203
163208
163591
163122
163220
163215
163214
163216
163884
163212
163865
163107
163213
163108
163211
163228
163262
163227
163231
163233
163873
163868
163197
163887
163874
163230
163586
163859
163883
163063
163898
163219
163834
163836
163842
163861
163862
163838
163872
163839
163837
163218
163841
163840
163846
163885
163891
163889
163890
163109
163854
163844
163899
163870
163850
163893
163851
164012
163986
163980
164008
164013
164027
164014
163848
164009
164023
164032
163988
163950
163949
163965
163985
164001
164007
163951
163953
163952
163955
163974
163968
163691
163946
163692
163978
163966
163718
163693
163954
163833
163982
163701
163979
163739
163725
163716
163720
163667
163728
163702
163722
163835
163592
164037
163723
163694
163685
163594
163595
163670
163636
163618
163672
163666
163684
164010
163637
163807
163808
163673
163788
163818
163617
163816
163829
163813
163831
163832
163686
163814
163740
163683
163776
163777
163811
163737
163688
163806
163817
164042
163778
163762
163830
163771
163781
163772
163815
163783
163785
163784
163782
163805
163804
163787
162510
163786
162507
162506
162508
162503
162509
169914
169299
162505
163768
169916
162500
162512
169954
162536
162525
169955
162527
169938
162526
162517
162489
162504
169917
162520
162502
162496
169956
162490
169957
162495
162486
162494
162498
162583
162575
162595
162580
162582
162593
162597
162569
162577
162600
162501
162598
162601
162533
162537
162613
162594
162612
162614
162611
162519
162574
162546
162545
162549
162552
162562
162551
162563
162560
162540
162538
162571
162565
162547
169493
169485
162544
162554
162497
169456
169487
169873
169486
169489
169499
169418
169510
169509
169498
169904
169511
162550
169304
169473
169503
169307
169322
169309
169504
169488
169443
169354
169310
169419
169364
169308
169417
169355
169300
169410
169356
169588
169560
169587
169390
169514
169601
169471
169512
169600
169340
169539
169615
169538
169433
169871
162553
169631
169628
169630
169371
169671
169625
169526
162620
169515
169521
169522
169518
169872
169519
169874
169520
169670
169524
169528
169527
169531
162891
169529
169534
169533
162892
162832
169513
162898
162906
169532
162902
162884
169553
162936
162909
162913
162919
162932
169523
162955
162842
162933
162615
162835
162837
162929
162855
162859
162885
162843
162862
162912
162866
162869
162890
162868
162865
162938
162871
162877
162860
163044
162957
163032
163037
163039
162918
163040
163033
163030
162878
163029
163046
163035
162963
166051
162964
163149
163145
163042
163052
162985
162982
163045
163031
162972
162973
162960
163054
163014
163018
163013
162986
163019
163021
163002
163020
163041
163028
163001
163006
162660
162829
162658
162662
162663
162668
162833
162678
162679
162680
162684
162686
162683
162621
162669
162674
162626
162650
162623
162687
163053
162673
162636
162622
162632
162629
162645
162642
162677
162648
162635
162649
162793
162776
162646
162778
162653
162670
169453
162875
163034
168765
165815
165809
165806
163713
165801
165800
163194
163188
163187
162638
169629
162697
162634
162691
162787
162765
162761
162792
162774
162813
162616
162815
162783
162814
162818
162812
162722
162827
162707
162748
162790
162711
162700
162726
162736
162763
162706
162716
162742
162823
162692
162715
162710
162703
166907
166981
162738
162737
162744
166911
166849
166950
166864
166783
162741
166912
166999
166971
167000
167018
167015
166591
166997
167011
166661
166970
166996
166735
166708
167499
166614
166665
166709
166666
166734
166742
166664
166794
166782
166784
167025
167211
167020
167260
166697
166756
166703
167238
167232
166691
167172
167261
167259
167257
167380
167262
167441
167229
167479
167090
167258
167173
167478
166590
167028
167029
167060
167362
167079
167174
167048
167241
167085
167074
167105
167099
167024
167081
167171
166342
167107
166336
166359
166369
167098
167106
167126
166324
166360
166338
166361
166371
166367
166592
166377
166401
166372
166402
166374
166373
166159
166299
169298
163055
166364
166167
166331
166296
166298
166328
166292
166301
166302
166169
166300
166320
166507
166407
166297
166322
166319
166575
166504
166405
166505
166502
166514
166513
166537
166576
166509
166582
166577
166587
166168
166408
166586
166532
166499
166430
166583
166427
166503
166437
166588
166431
166426
166406
166461
166429
166438
166459
166482
166435
166460
166498
168248
168132
168122
168140
166495
168192
168195
168285
168144
168331
168026
168352
167961
168357
168286
168292
168358
168216
168218
167970
167974
168000
166433
167975
167973
167962
168111
167976
167983
168007
168082
167977
168024
168022
168021
168025
168023
167979
168813
168815
169283
168816
168840
168900
168848
168378
168851
168779
168764
168360
169292
167501
166161
169296
169291
168395
169293
168392
168886
168443
169297
168389
168397
168396
168744
168379
168687
168780
168459
168404
167570
167569
168747
168762
167553
168377
168401
167582
167612
167585
167580
168746
167584
167588
168750
167581
167503
167537
167589
167512
167611
167542
167586
167583
167610
169295
167607
167957
167509
167504
167508
167502
167598
167523
167551
167511
167507
167520
167529
167527
167514
167821
167530
167536
167505
167510
167910
167822
167826
167850
167887
167868
167818
167913
167912
167825
167911
167954
167914
167909
165388
165369
165386
165383
165373
165380
165368
165263
165260
165379
165387
165378
165319
165245
165240
165259
165262
165321
165384
165251
165238
165256
165315
165257
165236
165230
165297
165234
165273
165232
165255
165318
165317
165272
165304
165264
165292
165302
165314
165313
165281
165274
165303
165275
165278
165396
165290
165471
165476
165467
165465
165475
165464
165461
165469
165496
165479
165472
165473
165474
165494
165495
165393
165470
165489
165466
165484
165482
165497
165481
165463
165480
165490
165478
165492
165407
165410
165409
165493
165408
165403
165468
165477
165488
165460
165404
165491
165401
165402
165400
165397
165455
165405
165399
165412
165420
165398
165454
165406
165448
165413
165459
165445
165457
165451
165453
165483
165121
165458
165452
165447
165450
165456
165120
165115
165446
165117
165122
165114
165107
165125
165462
165113
165225
165411
165111
165145
165118
165119
165112
165132
165110
165147
165123
165228
165135
165140
165109
165449
165131
165141
165078
165130
165126
165124
165134
165129
165076
165133
165081
165106
165084
165085
165127
165128
165080
165088
165083
165075
165082
165071
165079
165072
165105
165070
165074
165104
165077
165086
165097
165073
165108
165091
165101
165102
165099
165096
165098
165103
165090
165087
165089
165100
165199
165206
165204
165203
165094
165198
165095
165201
165217
165202
165192
165205
165222
165116
165197
165154
165210
165196
165218
165223
165209
165200
165214
165211
165194
165219
165208
165213
165220
165212
165500
165224
165221
165215
165189
165191
165166
165216
165170
165165
165168
165173
165156
165167
165226
165163
165161
165164
165181
165157
165193
165158
165172
165160
165186
165155
165169
165182
165162
165171
165184
165188
165190
165187
165175
165781
165185
165180
165177
165195
165179
165761
165777
165758
165763
165183
165176
165764
165759
165731
165757
165756
165780
165178
165159
165752
165174
165784
165831
165649
165834
165755
165855
165836
165842
165832
165840
165782
165760
165835
165690
165783
165730
165830
165823
165826
165825
165833
165824
165669
165667
165670
165668
165762
165732
165661
165665
165662
165675
165652
165651
165666
165728
165663
165729
165688
165498
165658
165657
165655
165718
165723
165695
165682
165715
165716
165673
165674
165679
165677
165868
165680
165713
165686
165676
165983
165984
165982
165955
165857
165973
165987
165943
165957
165956
165979
165942
166000
166011
165958
166010
166008
166004
166005
165937
165959
165934
165930
165997
165985
165986
165988
165920
165898
165999
165989
165928
165919
165872
165935
165870
165878
165873
165881
165874
165880
165869
165904
165871
165921
165885
165862
165883
165913
165906
165981
165648
165909
165916
165914
165888
165900
165889
165887
165908
165886
165877
165907
165899
165884
165875
165879
165547
165548
165882
165546
165541
165534
165545
165542
165876
165539
165650
165538
165552
165544
165540
165549
165536
165911
165564
165567
165563
165559
165566
165550
165537
165558
165557
165560
165565
165543
165894
165561
165514
165513
165533
165555
165553
165562
165556
165507
165509
165067
165503
165535
165554
165511
165532
165501
165504
165524
165510
165517
165505
165502
165525
165527
165531
165515
165523
165551
165530
165528
165516
165520
165521
165529
165526
165570
165616
165609
165624
165506
165627
165518
165512
165622
165610
165568
165608
165508
165647
165612
165611
165621
165623
165639
165618
165620
165642
165646
165645
165617
165607
165625
165643
165626
165638
165640
165644
165635
165630
165637
165580
165628
165606
165636
165641
165577
165604
165581
165584
165576
165522
165583
165519
165578
165573
165582
165575
165499
165571
165588
165569
165572
165599
165574
165601
165579
165603
165587
165602
165596
165585
165619
165595
165600
165591
165594
165605
165593
165598
165590
164574
165597
165592
165589
164567
164571
164575
164580
164581
164578
164577
164570
164582
164572
164573
164579
164569
164600
164532
164583
164592
164599
164598
164585
164588
164591
164597
164596
164587
164589
164593
164595
164566
164584
164544
164547
164568
164590
164546
164594
164545
164539
164586
164535
164540
164550
164538
164537
164543
164541
164534
164564
164558
164565
164560
164562
164561
164557
164576
164536
164673
164603
164551
164555
164554
164549
164552
164548
164556
164553
164650
164542
164651
164654
164653
164646
164649
164647
164645
164559
164643
164652
164641
164601
164668
164669
164644
164655
164665
164640
164667
164657
164664
164648
164670
164660
164659
164563
164637
164662
164610
164663
164615
164656
164611
164658
164642
164613
164619
164620
164661
164617
164531
164606
164639
164671
164604
164607
164608
164612
164629
164605
164609
164618
164636
164630
164633
164626
164627
164666
164623
164602
164622
164638
164625
165069
164440
164634
164624
164439
164438
164635
164441
164631
164628
164614
164436
164437
164616
164426
164444
164433
164434
164424
164432
164422
164435
164458
164533
164451
164456
164457
164632
164427
164425
164459
164454
164449
164448
164443
164452
164446
164453
164450
164442
164455
164399
164395
164447
164445
164421
164400
164393
164396
164390
164423
164397
164388
164403
164389
164398
164415
164392
164391
164387
164420
164418
164416
164402
164394
164386
164419
164410
164411
164407
164408
164414
164409
164462
164505
164507
164412
164401
164406
164510
164509
164508
164511
164460
164506
164512
164503
164502
164522
164501
164515
164526
164530
164529
164528
164405
164498
164500
164499
164404
164523
164520
164519
164514
164521
164527
164525
164513
164524
164504
164469
164516
164518
164475
164476
164473
164495
164470
164517
164466
164472
164497
164467
164474
164674
164493
164463
164479
164461
164478
164465
164477
164487
164494
164464
164490
164491
164471
164492
164488
164496
164484
164482
164483
164485
164486
164976
164489
164480
164481
164975
164972
164950
164969
164957
164974
164970
164980
164973
164977
164967
164953
164468
164987
164954
164968
164995
164992
164863
164993
164991
164986
164994
164978
164984
164971
164979
164981
164952
164988
164983
164871
164985
164887
164870
164890
164895
164989
164866
164990
164865
164886
164888
164869
164894
164868
164867
164917
164910
164920
164893
164885
164903
164916
164949
164672
164901
164897
164896
164909
164900
165041
164911
164982
164912
164999
164908
164899
164996
165044
165049
165046
165045
164898
165047
165048
165039
165037
165040
165042
165036
165035
165059
164914
166021
165066
165038
165043
165064
165063
165052
164913
165065
165058
165060
165050
165055
165062
165051
165054
165032
165053
165011
165006
165005
165057
165007
165012
165015
165034
165061
164998
165004
165010
165024
165002
165013
165009
165008
165030
165003
165001
165000
164862
165027
165019
165033
165014
165056
165020
165029
165031
165021
165023
165028
165026
164714
164720
165022
164722
164721
165018
165017
165025
164715
164864
165016
164717
164707
164713
164718
164778
164712
164770
164732
164708
164710
164753
164733
164752
164767
164711
164716
164776
164730
164723
164729
164731
164727
164742
164724
164728
164719
164726
164684
164687
164709
164685
164681
164677
164678
164706
164688
164683
164682
164680
164686
164676
164679
164413
164725
164704
164701
164692
164705
164700
164694
164703
164621
164690
164693
164696
164785
164699
164697
164836
164837
164698
164695
164691
164689
164844
164831
164830
164826
164834
164675
164833
164858
164835
164780
164856
164825
164824
164853
164829
164702
164827
164852
164842
164848
164828
164839
164811
164854
164846
164832
164859
164801
164845
164850
164786
164797
164849
164838
164798
164803
164796
164792
164791
164799
164804
164789
164787
164795
164793
164857
164788
164818
164800
164813
164781
164816
164790
165068
164821
164817
164819
164802
164822
164809
164810
167547
164820
164805
164808
167546
164807
167541
164814
164815
164812
167543
167550
164806
164823
167544
167545
167568
167540
164794
167548
167532
167528
167533
167534
167595
167597
167538
167549
167601
167599
167466
167592
167578
167579
167577
167566
167596
167567
167574
167594
167475
167575
167490
167526
167491
167600
167573
167531
167489
167494
167487
167488
167474
167483
167476
167473
167591
167492
167525
167522
167517
167524
167477
167516
167464
167469
167768
167438
167521
167468
167471
167493
167496
167495
167604
167506
167497
167518
167749
167740
167748
167500
167498
167744
167741
167736
167746
167738
167752
167739
167745
167747
167737
167602
167764
167762
167759
167735
167734
167743
167763
167760
167766
167765
166904
167750
167751
167754
167756
167731
167755
167758
167757
167753
167672
167733
167761
167689
167686
167684
167670
167677
167679
167676
167674
167465
167690
167646
167632
167666
167669
167667
167722
167608
167715
167724
167727
167729
167732
167728
167730
167714
167716
167726
167603
167691
167252
167337
167693
167277
167256
167700
167725
167701
167346
167292
167290
167687
167355
167358
167291
167356
167360
167334
167354
167254
167366
167345
167255
167363
167336
167353
167220
167349
167340
167222
167221
167215
167343
167350
167338
167214
167217
167347
167357
167253
167251
167352
167219
167213
166012
167205
167218
167344
167225
167216
167212
167237
167248
167339
167250
167206
167210
167246
167247
167359
167245
167244
167223
167234
167467
167235
167382
167233
167230
167365
167228
167226
167239
167427
167435
167240
167379
167430
167431
167433
167428
167432
167439
167434
167224
167423
167425
167448
167424
167463
167426
167429
167420
167421
167458
167462
167460
167459
167445
167456
167437
167447
167446
167440
167436
167443
167417
167457
167394
167419
167396
167400
167388
167392
167387
167390
167385
167398
167383
167393
167769
167391
167461
167386
167444
167408
167416
167412
167384
167409
167397
167413
167402
167405
167406
167418
167395
167411
167389
167403
167407
167404
168174
167401
168173
167410
168165
168166
168163
168168
168171
168177
168153
167381
168160
168159
168158
168157
168156
168089
168184
168200
167414
168201
168155
168164
168198
168197
168196
168199
168180
168182
168181
168175
168190
168183
168179
168178
168100
168096
168191
168101
168152
168099
168154
168102
168123
168176
168121
168128
168098
168097
168092
167767
168095
168094
168091
168093
168141
168151
168149
168139
168145
168134
168143
168287
168282
168290
168280
168105
168109
168284
168147
168104
168281
168136
168146
168133
168137
168127
168208
168276
168106
168279
168103
168206
168150
168126
168129
168142
168289
168283
168193
168107
168110
168186
168081
168185
168273
168080
168108
168278
168187
168161
168188
168288
168293
168148
168291
168294
168221
168162
168260
168088
168241
168242
168271
168256
168231
168272
168262
168235
168209
168261
168274
168219
168275
168207
168239
168254
168250
168246
168252
168259
167855
167863
167862
167871
167869
167853
167856
167888
168258
167852
168237
167854
168245
168233
168090
168212
167836
167858
168211
167951
167950
168213
168240
168232
168244
167944
167874
168210
167937
167940
167948
167921
167872
168238
167861
168253
167939
167776
167920
167938
167832
167890
167860
167915
167889
167803
167802
167793
167857
167779
167907
167777
167837
167806
167773
167790
167859
167774
167775
167778
167772
167771
167830
167823
167770
167786
167829
167828
167831
167827
167824
167916
167804
167811
167820
167813
167805
167807
167810
167956
167470
167812
167952
168063
168065
168068
168064
167792
168085
168059
168058
168056
168083
168076
168066
168086
168053
168060
168079
168084
168077
168057
168050
168049
168087
168067
168048
168074
167982
168072
168055
168075
168078
168070
168046
168073
168054
168027
168020
167978
167972
167980
168029
167971
168015
168011
167515
167965
168030
168010
167953
168043
168038
167964
168044
168039
168045
168041
168051
168052
167179
168047
168042
168028
168069
168036
168035
168006
168032
168037
168033
168034
166453
166456
166455
168040
168031
166454
166390
166387
166386
166412
166436
166403
166389
166383
166466
166388
166385
166314
166465
166472
166464
166404
166473
166471
166474
166476
166480
166479
166481
166478
166477
166469
166340
166345
166334
166470
166467
166468
166475
166382
166341
166337
166333
166384
166317
166617
166323
166380
166362
166316
166381
166318
166156
166378
166370
166233
166376
166347
166358
166355
166346
166368
166356
166354
166357
166485
166352
166363
166567
166350
166184
166597
166222
166595
166585
166596
166594
166581
166593
166483
166558
166600
166540
166559
166584
166538
166375
166615
166539
166613
166612
166608
166599
166611
166610
166463
166607
166598
166458
166533
166606
166601
166609
166602
166605
166604
166603
166493
166517
166518
166908
166496
166520
166510
166516
166515
166488
166487
166490
166489
166521
166522
166486
166492
166186
166173
166152
166031
166158
166206
166205
166207
168202
166162
166171
166054
166009
166174
166034
166212
166165
166221
166276
166265
166181
166172
166175
166264
166179
166266
166125
166180
166027
166037
166035
166036
166219
166269
166178
166273
166271
166183
166263
166270
166260
166155
166138
166261
166137
166160
166033
166293
166268
166182
166166
166287
166262
166286
166281
166177
166176
166288
166267
166272
166289
166282
166274
166279
166259
166284
166280
166283
166278
166277
166285
166258
166294
166232
166237
166236
166239
166229
166256
166235
166240
166226
166225
166234
166230
166618
166228
166223
166227
166254
166220
166224
166251
166253
166248
166231
166275
166257
166244
166247
166249
166252
166246
166241
166238
166243
166255
167035
166242
167040
167034
166245
167046
167042
167043
167033
166250
167039
167038
167036
167041
167023
167059
167037
167054
166963
167032
167031
167062
167063
167053
167044
167045
166969
167049
167027
167055
167061
167050
167058
166966
166964
167026
166988
167056
166990
167022
166991
166982
167066
166994
166995
166974
166973
166616
167007
166976
166979
166972
166975
167013
167019
167017
166993
167003
167010
167005
167008
167016
166980
167002
167004
166992
166977
166998
167069
167001
166978
167067
167151
167150
167155
167154
167158
167152
167165
167142
167147
167143
167141
167145
167178
167169
167156
167009
167176
167168
166983
167157
167166
167146
167175
167163
167164
167161
167167
167160
167138
167162
167140
167148
167078
167177
167153
167089
167077
167084
167144
167149
167092
167088
167159
167080
167075
167076
167072
167071
167083
166913
167068
167113
167082
167136
167112
167137
167087
167114
167091
167134
167093
167116
167139
166663
167103
166689
167102
167100
167101
166690
167104
167135
166692
167115
167094
166688
166656
166669
166670
166683
166706
166668
166662
166655
166740
166653
166738
166968
166716
166719
166652
166705
166658
166714
166715
166721
166704
166711
166710
166717
166720
166657
166628
166625
166621
166623
166629
166626
166630
166622
166654
166713
166712
166718
166643
166627
166648
166651
166635
166646
166650
166649
166642
166633
166639
166637
166641
166638
166636
166647
166863
166858
166857
166859
166757
166645
166850
166855
166892
166819
166845
166741
166847
166846
166899
166854
166818
166820
166910
166900
166891
166501
166866
166902
166897
166903
166896
166894
166895
166893
166901
166764
166771
166815
166773
166769
166768
166767
166774
166020
166743
166758
166760
166766
166763
166762
166759
166761
166781
166805
166813
166808
166778
166780
166812
166814
166810
166809
166772
166811
166816
169865
166777
166775
169866
169876
166776
169868
169290
169880
169877
169867
169885
169878
169879
169889
169888
169890
169893
169892
169891
169881
169887
169692
169668
169678
169693
169696
169669
169697
169698
169699
169863
169701
169858
169859
169449
169861
169700
169862
169860
169856
169894
169802
169792
169795
169796
169791
169793
169799
169801
169803
169788
169805
169806
169808
169807
169911
169811
169633
169813
169898
169800
169900
169908
169903
169910
169790
169895
169912
169913
167073
169784
169785
169786
166848
166856
166905
166906
169787
166898
169479
169909
169430
169507
169438
169439
166817
166807
169445
169446
166770
166765
169448
169450
169460
169478
169451
169386
169413
169480
169884
169883
169481
169854
169875
169482
169483
169490
169491
169882
169695
169494
169311
169496
169497
169501
169650
169886
168203
169864
169358
169302
169851
169314
169313
169312
169853
169316
169317
169318
169320
169325
169324
169416
169360
169508
169357
169361
169857
169359
169366
169372
169376
169363
169381
169362
169612
169349
169383
169505
169385
169896
169572
169571
169603
169602
169574
169604
169794
169605
169607
169606
169569
169611
169568
169618
169617
169613
169620
169619
169621
169626
169627
169624
169632
169546
169610
169502
169535
169525
169435
169436
169816
169540
169541
169542
169536
169543
169545
169570
169548
169547
169809
169635
169550
169549
169812
169552
169551
169810
169554
169565
169566
169907
169555
169567
169905
169544
162952
169902
162904
162887
169899
162889
162888
169901
162893
162897
162894
162895
162896
162881
162882
162903
162905
162900
162910
162899
162914
162921
162911
162923
162927
162920
162922
162773
162816
162901
162779
169814
162780
162786
162784
162789
162788
162791
162796
162795
169926
162817
162800
162886
162953
162841
169941
162863
162854
162867
162872
162874
162799
162873
162931
162851
163023
163026
163027
169953
169783
163025
163060
163057
163024
169936
163056
163051
163138
163009
163049
163141
163010
163148
163144
163139
163142
163059
163143
163147
163140
163151
163150
163058
162965
162991
162966
162968
162969
162853
162962
162977
162990
162852
162988
162967
162987
162992
162995
162994
163012
162762
162996
162983
162997
162993
163000
162998
163008
162989
163004
162484
169845
169849
169850
169848
169846
169847
169958
169843
162548
169869
169844
162499
169841
169840
162521
162528
162492
162777
169459
169822
162518
169824
162999
169817
169828
169818
169819
169823
169821
162556
169820
169825
169842
169870
169829
169837
169827
162491
162488
169836
169833
169838
169830
162728
169826
162695
162515
169834
169839
169832
162699
162542
162712
162713
162493
169831
162723
162718
162724
162516
169835
162717
162693
162719
162727
162729
162730
162732
162690
162731
162734
162733
162739
162753
162743
162735
162725
162760
162558
162557
162625
162559
162694
162573
162564
162578
162570
162567
162590
162581
162631
162630
162651
169815
162654
162655
162682
162656
162659
162624
168552
168530
162689
168532
168529
168533
168528
168540
168534
168539
168542
168541
168544
168535
168526
168537
168543
168546
168547
168548
168545
168525
168536
162672
168549
168538
162609
168513
168508
168505
168507
168609
168506
168503
168550
168510
168509
168511
168061
168512
168527
162688
168514
168553
168062
168517
168516
168515
168518
168519
168523
168522
168520
168524
168071
168551
168521
168583
168594
168585
168584
168591
168601
168590
168586
168593
168589
168587
168588
168595
168600
168580
168581
168604
168606
168602
168607
168599
168605
168608
168603
168592
168558
168559
168566
168555
168557
168556
168554
168582
168565
168563
168561
168502
168560
168562
169288
169476
168572
168573
168574
168568
168579
168577
168578
168564
168575
168576
168430
168426
168428
168432
168449
168436
168425
168429
168427
168431
168440
168439
168437
168405
168435
168433
168406
168445
168204
168434
168442
168504
168205
168444
168446
168441
168351
168447
168334
168263
168337
168348
168355
168332
168350
168336
168335
168450
168356
168424
168359
168333
168438
168373
168383
168372
168381
168376
168349
168375
168398
168399
168479
168482
168490
168483
168480
168448
168481
168484
168485
168491
168489
168487
168486
168497
168496
168477
168493
168495
168476
168494
168492
168488
168501
168499
168452
168498
168500
168451
168464
168461
168460
168456
168454
168457
168458
168453
168455
168466
168469
168470
168468
168467
168569
168478
168462
168463
168471
168473
168863
168465
168855
168852
168849
168860
168474
168854
168853
168610
168475
168472
168726
168865
168864
168857
168862
168856
168830
168858
168873
168868
168867
168866
168877
168880
168727
168881
168567
168879
168732
168768
168729
168731
168730
168735
168738
168733
168736
168769
168831
168767
168778
168737
168781
168834
168766
168189
168811
168814
169248
168884
168739
168829
168882
168827
168936
169242
169243
169240
168906
169077
169245
169244
169241
168828
169250
169251
168934
168933
169252
169247
169249
169253
169284
168901
169246
169254
169285
168648
169256
168646
169255
169257
168611
168618
168616
168617
168622
168613
168614
168626
168615
168619
168647
168623
168612
168627
168620
168715
168630
168621
168629
168631
168628
168633
168703
168701
168634
168702
168704
168700
168705
168636
168706
168707
168625
168859
168699
168861
168710
168709
168716
168725
168714
168711
168637
168632
168721
168885
168719
168718
168717
168720
168722
168676
168624
168899
168724
168677
168887
168723
168895
168673
168713
168712
168888
168698
168670
168682
168678
168696
168681
168892
168890
168697
168683
168674
168684
168695
168680
168679
168672
168685
168889
168691
168688
168686
168894
164162
168690
164153
164152
164155
168689
168694
164150
168692
164151
164156
164165
164159
168693
164154
164166
164126
164160
164163
164116
164127
164113
164128
164125
164123
164207
164122
164164
164115
164158
164161
164114
164142
164149
164101
164124
164212
164214
164219
164213
164146
164148
164215
164205
164157
164211
164217
164226
164220
164169
164221
164210
164218
164131
164193
164174
164147
164223
164188
164189
164191
164198
164181
164199
164206
163990
164208
164194
164190
164197
164196
164222
164224
164178
163940
163992
163947
163971
163936
163939
163972
164225
163938
163933
163976
163926
164209
163917
163918
163942
164167
163945
164311
163973
163944
163935
163937
163922
163934
163923
163925
163943
163920
163928
163927
163948
163929
163941
163924
163930
163932
163921
164047
164022
164024
163984
163989
164036
164035
164028
164030
164045
164020
164080
164098
164087
164109
164067
164083
163931
163999
164038
163919
164111
164112
163991
164021
163994
163996
163993
164015
164002
164000
163987
163997
164018
164017
163995
164340
164336
164338
164349
163998
164330
164016
164334
164342
164333
164331
164320
164322
164318
164335
164341
164337
164316
164319
164343
164372
164370
164373
164344
164374
164350
164379
164325
164380
164317
164382
164332
164371
164356
164315
164355
163916
164357
164383
164359
164351
164378
164376
164368
163443
164348
164324
164361
164377
164328
164360
164329
164364
164367
164327
164321
164365
164312
164326
164369
164362
164363
164375
164265
164381
164352
164354
164259
164366
164358
164261
164353
164258
164257
164262
164264
164268
164254
164266
164267
164269
164260
164273
164232
164270
164314
164271
164263
164237
164231
164228
164230
164234
164229
164233
164246
164256
164255
164274
164253
164250
164298
164252
164302
164295
164299
164296
164297
164291
164251
164275
164301
164305
164235
164272
164249
164277
164304
164306
164294
164279
164236
164278
164308
163371
164227
164287
164282
164283
164300
164284
164303
164310
164288
164280
164276
164307
164292
164290
164286
164289
163380
163383
163390
163368
163381
163378
163339
163370
164293
164281
163377
163366
163360
163373
163369
163344
163342
163343
163446
163349
164285
163341
163346
163348
163345
163362
163361
163350
163351
163353
163357
163359
163431
163429
163396
163389
163347
163358
163432
163433
163436
163428
163430
163437
163425
163435
163439
163441
163440
163421
163413
163427
163411
163418
163420
163445
163415
163414
163426
163424
163434
163419
163423
163412
163417
163422
163410
163438
163337
163416
163098
163094
163116
163092
163097
163104
163123
163103
163442
163115
163085
163110
163096
163093
163118
163077
163400
163120
163071
164384
163117
163070
163069
163340
163102
163072
163074
163087
163073
163078
163086
163076
163129
163266
163075
163276
163082
163265
163259
163121
163079
163275
163261
163065
163260
163064
163061
163232
163210
163321
163174
163324
163302
163293
163294
163274
163335
163152
163304
163137
163130
163154
163155
163229
163217
163157
163169
163204
163732
163730
163158
163196
163731
163160
163729
163206
163205
163447
163706
163715
163763
163444
163770
163766
163695
163821
163775
163756
163757
163209
163179
163710
163697
163764
163708
163698
163705
163696
163721
163699
163727
163707
163711
163803
163758
163765
163767
163709
163689
163712
163904
163907
163812
163902
163881
163901
163903
163897
163900
163908
163700
163909
163906
163704
163843
163911
163827
163828
163823
163905
163910
163912
163914
163824
163822
163913
163878
163879
163877
163880
163882
163524
163511
163522
163535
163871
163867
163687
163864
163857
163858
163856
163523
163525
163549
163554
163566
163448
163534
163478
163690
163526
163542
163527
163541
163555
163536
163855
163886
163492
163480
163465
163483
163485
163449
163508
163482
163454
163453
163510
163484
163451
163470
163466
163634
163574
163491
163651
163633
163467
169338
169339
169382
166536
166535
166529
166519
166457
166484
166506
166530
166428
166534
166313
166528
166199
166200
166527
166197
166198
166526
166531
166525
166524
166203
166192
166196
166189
166193
166185
166210
166218
166188
166190
166462
166315
166191
166216
166194
166201
166217
166214
166213
166351
166215
166202
166195
166187
166208
166204
166209
166211
166163
166737
166632
166631
166624
166619
166620
166644
166634
166640
169789
169798
169804
169797
168896
168935
168903
168883
168908
168907
168909
168914
168911
168910
168915
168930
168641
168897
168644
168913
168638
168649
168642
168643
168669
168640
168639
168645
168661
168656
168667
168659
168655
168650
168651
168654
168652
168660
168932
168653
168635
164019
164006
164345
164346
164313
164339
164309
164323
164347
163364
163363
163367
163365
168763
163292
