155101
159304
154371
160704
159917
159918
157790
154871
158840
158839
158838
160680
155407
155943
155126
161802
155637
155633
160697
154903
154876
156252
156251
160707
160971
155648
154364
154885
157243
160465
155630
158160
158159
156482
155614
159168
155655
158092
159088
156867
155325
155775
160845
154931
157821
157229
154531
157786
154670
161885
154428
157628
156670
156662
157571
156925
161884
156903
156912
160703
157252
161880
160302
156590
160683
156585
155525
157308
155443
155981
162206
160515
156956
160933
156671
156630
156652
155122
161081
156850
155629
156408
156400
159086
161394
156779
156387
156386
161708
155484
154382
157528
160745
162387
160686
158678
154429
157326
160344
154389
157245
155418
156295
159535
157835
156444
156440
155577
154919
160656
158562
158122
155267
155790
155806
159370
155331
156289
161019
157751
155180
157757
154726
156465
156459
155208
154886
157158
156005
154714
154779
160506
155124
154776
154384
155612
160645
156607
159124
154823
160108
156417
156416
155164
162398
155342
155900
161417
160658
157902
154405
154404
159992
158888
156888
155894
155893
156778
159055
161324
156865
155628
159911
161199
157572
160735
160291
159327
156815
155632
160084
159598
160847
162436
157583
160494
161098
161096
161095
161100
154846
159163
154773
158275
155540
160698
156816
155191
156237
156226
159610
160634
159221
156332
156812
155152
157546
158052
158051
158050
155270
155151
154717
154718
154721
154719
154720
155248
161099
155392
155764
157359
161018
156826
157500
155420
161726
160632
157239
157495
156448
158667
157993
154989
158363
162003
154775
161816
154543
155636
154791
161801
160491
158488
155226
157201
159977
159976
155200
154518
158550
157217
161097
155210
161149
161147
154657
161094
155644
157547
158717
160966
156153
157468
159251
156910
154962
156263
156314
155827
154662
161309
154520
156998
157312
158740
160930
160503
156959
154397
159120
159116
155580
157086
162435
155855
155813
160663
155647
155230
157836
156586
157089
155593
160807
157793
162036
159537
154797
154346
157333
155822
154845
155094
160650
159654
156583
160402
160401
159215
159548
155282
161810
155403
157781
156864
156745
155725
155736
157302
157280
160721
155273
154519
154570
159377
154516
157223
157570
155818
154348
158446
155769
154691
161745
161744
158009
160129
157309
157176
161725
161724
155651
154521
159374
157213
157335
160860
156749
160810
157301
157490
157483
156831
155819
155652
157310
157332
156855
159512
161551
155385
159653
155285
156018
161539
155281
154413
161188
157325
157288
160288
159430
160929
158391
157472
158447
160665
160564
160299
157948
157810
157668
155627
157271
155658
160329
154463
157272
157212
154400
154557
159358
160626
154912
161824
159922
160648
155821
156696
156695
158616
155129
157501
155272
157397
157170
157237
159626
160762
156265
157576
159130
155277
156724
161107
161104
156780
157306
160688
162396
162402
155694
155696
157991
155279
161823
160949
157854
157859
157305
155649
161152
158596
157244
161586
161696
157619
158300
155826
157275
155002
158741
156940
161148
157324
154612
161840
156133
154762
154763
158890
162452
161297
157207
159679
159685
160437
157984
159439
159440
159391
157279
157254
157986
157313
156009
155209
154790
155856
160523
160522
160524
160521
160520
155015
161818
159106
157581
154648
155288
155274
157321
162385
160687
155545
155276
160295
160296
156798
154978
156129
154937
157211
158686
157602
159113
160508
156546
158742
155824
158404
157228
161580
159873
157304
155286
160406
157542
155825
161876
162384
155108
155105
155106
155038
155107
155376
157705
159870
159871
157281
161694
159987
154421
155268
156784
160636
155823
158704
159536
155269
155459
155461
158010
158337
155356
161563
161564
161838
160007
157233
155592
159153
157225
162379
156619
156803
160313
157240
154533
155072
159545
161150
157242
156216
156193
157389
160907
162390
161695
155020
155650
155170
159151
154854
154921
155697
160639
157121
157311
161234
161227
161223
157220
157730
160846
154703
159012
155315
160132
159357
159005
155703
156372
154705
155643
160976
160828
159099
157603
159223
154990
155604
159104
162393
158378
156604
159568
155816
154372
161422
157493
160311
159450
162399
161740
159603
155089
155088
155090
159876
157989
158908
158874
156594
157416
161878
154908
155731
159840
161568
159171
161817
157768
159014
157706
156137
156373
157181
157232
155112
158999
157226
159003
160912
159384
161558
155579
157987
155275
155231
154751
154498
154503
154913
156549
155631
154669
155453
161630
161855
157630
159149
154911
156894
161778
158624
157409
160472
160477
155185
158407
155186
158285
158947
158284
160664
154517
161517
160450
155183
159152
156003
159298
160220
155187
157631
161547
155184
155602
156004
155158
158873
160303
154699
155609
160977
158603
154993
158387
154738
160270
162409
160268
157871
160267
155994
158368
160269
157465
161882
158279
157803
157573
155032
154434
154440
161825
156138
156161
161302
154889
157056
155007
160934
154698
160678
157707
157274
162381
158881
159335
159336
157235
160667
155559
154965
155040
157566
154928
156612
155001
154544
157629
154651
154376
157479
155196
159433
156990
161483
157348
157543
157964
159227
154987
154986
157838
160016
159425
155814
157208
157769
159454
160855
154415
161113
161114
156992
156895
161974
157042
161610
155160
161733
154664
161286
156926
157652
157020
154754
159154
154555
160641
157883
157881
157896
157451
156928
154729
161200
157837
161236
161112
157626
160112
155501
158167
157505
157710
154370
157246
159531
155480
157153
157635
154982
159308
160320
158065
160939
161916
158472
159147
157035
161006
156846
156012
161151
156900
157151
157040
155181
156599
155573
159923
156820
157946
156001
154882
157627
154728
156932
156002
157463
159532
159538
159252
161292
155311
156559
159270
159020
156880
158489
154507
160947
159115
157553
157227
156250
154853
158399
161325
157502
155150
155149
160283
154598
154706
154880
161964
154850
157178
155348
158278
161101
161102
161103
157034
158006
157303
160682
160449
161637
154606
155252
156582
154383
156019
161756
160961
156196
154746
158047
161485
159877
159187
157556
160275
155211
157091
157733
160505
155702
157554
156892
157756
157222
160754
156783
155093
159864
155449
155869
161952
160173
161790
161791
155933
155308
155709
155213
156543
155561
161621
155303
156849
161111
155613
156273
155897
156411
157036
160945
156520
161644
157621
159112
159096
161110
159533
161115
156608
156785
155147
155148
160351
155552
157791
159880
155339
155720
155560
155550
162439
161727
155701
157033
157221
159178
159435
156647
156754
155939
156540
156537
157488
155781
155439
155372
159534
155499
161205
159376
157219
154945
154731
155950
159114
155546
155411
158274
158843
156008
161669
154960
159255
155964
154409
157209
157282
156017
157832
155349
154447
155555
155490
157315
155551
157878
155494
160829
154961
159103
155314
157455
156906
161089
155491
155575
155367
156994
159539
155717
157816
155250
155721
156722
160330
155487
156293
154926
159865
155638
155361
156358
158365
155713
155454
156015
156134
161676
155161
159762
161015
156321
155445
159867
161153
155294
156854
157753
155967
161793
161798
159594
156544
155483
162007
155556
155310
157030
156814
159097
159006
157770
158739
154781
157417
155767
157238
162392
157037
155563
157300
161783
155548
155711
157256
155707
160635
157038
156797
157234
157029
159123
155715
156764
155562
157453
159254
158679
161906
156799
157464
155360
162183
159279
159280
159278
160672
160671
155414
159071
159246
161750
161697
155214
156916
154983
155660
160076
157044
161211
157230
157299
161058
157224
156618
161560
156606
159118
159117
160046
156140
160102
159132
162434
160035
159249
156965
154686
159868
157273
157126
155202
155611
159211
155634
157982
154534
155493
154795
155424
158651
158650
158649
154497
159422
154622
156955
155582
154742
161822
161108
156881
160694
156327
158366
156915
161061
160054
160532
161737
156539
159652
157215
158346
161146
156259
155440
154353
156538
155452
155026
155436
162437
155768
155235
155236
158791
156141
160980
160647
159564
154602
161753
154411
157297
156541
161025
154366
156522
155278
154579
157076
154529
158737
156913
155167
155227
155188
154730
157930
157929
157928
156547
161511
159125
156116
162386
157193
155027
155312
158297
155603
159126
156746
154943
156545
159541
160981
155290
160022
154368
161807
157419
158796
156891
160339
156786
155014
157605
154575
159129
157648
157122
158469
162410
158784
159127
156560
157823
160843
156751
154666
159070
159247
155138
159382
159045
159015
157846
154656
161689
161687
159299
154530
158289
161541
157320
160023
155412
159933
154419
157661
156735
161055
157314
155264
161116
162215
154877
157492
157879
155557
159606
160637
155714
154739
161039
157529
155053
161680
159558
154805
161201
160722
157351
156600
157695
159434
155095
160376
155455
154902
156708
157580
157043
157504
155469
155022
162365
155378
155716
156257
161683
160345
156825
154792
162395
160747
157957
157601
157600
155640
154916
155221
155639
162394
159479
160627
156610
158096
155116
159365
154508
161305
159090
158011
158325
162400
154985
154535
160057
162382
158043
155251
160908
160328
161291
158978
157820
156516
154927
156120
157487
162438
158184
156978
156971
154381
154688
161739
155177
161514
159101
155544
156493
160500
155984
154952
161557
161550
156615
154506
155554
156806
158665
159526
154674
160030
154789
154940
157544
158869
158408
160066
156752
157138
158298
156847
156398
157842
155558
162073
162069
162066
162067
156595
162070
162071
162072
154352
160833
157771
157456
155137
158597
157411
159390
157329
158322
155004
158396
161444
155074
159119
157888
154690
162074
159095
155486
159921
160724
158380
155677
154485
159105
159489
157741
159493
155549
158406
157291
159929
159919
154659
158765
155168
155706
155127
160018
161777
162373
159092
158712
159245
156467
157978
154810
155944
156972
159527
154414
160048
154468
161647
159253
161378
162207
162284
162289
162290
162292
162297
154349
157330
155656
155925
157482
157683
159248
159387
158048
160727
162068
160232
162075
156613
156781
154992
157412
160837
160996
160812
161705
158364
156836
159243
157992
157119
161762
156580
160068
156828
154576
158386
162076
155786
155086
156851
161008
158121
159426
155128
162295
155488
160110
154964
159069
161020
162033
159905
159901
160461
160189
160049
160024
156835
157567
159651
158764
156813
159706
160166
161917
155843
159241
160447
154445
154924
155157
157023
157507
155215
157669
160628
159102
159007
156666
155319
155153
161692
154956
161931
154914
157702
157700
157698
157697
157696
157703
157701
157704
157595
159330
159208
155166
157671
158008
158069
156975
156976
156977
154649
155383
156790
161617
155718
157186
154936
155850
157557
154955
155212
155771
158537
158533
155291
158314
158315
161016
156569
155841
155705
159191
161022
156049
159250
155109
155851
161628
155836
159381
155699
161545
155837
154452
157031
161005
158563
156488
159214
154471
160034
155159
161620
161587
159649
157236
157477
156490
157462
159834
155848
160978
157555
159258
157579
155847
155377
162209
158727
155830
155809
157729
159333
154996
154566
160621
156384
159897
155835
156523
155846
160188
155840
154734
158523
155845
159959
160736
159326
155973
155317
155547
157486
155834
154855
157684
158451
155365
159581
158308
160119
154597
157024
155832
156426
155110
154923
156453
155839
159458
159457
156636
156319
160681
156743
156378
155318
156651
156656
159375
156819
155710
154510
154671
156379
156318
158003
155371
155419
159588
161079
155979
155833
155849
156658
156320
156643
156665
156458
156664
155901
155829
156315
160830
155220
154470
156264
156410
161554
156905
159980
160924
156371
156650
155427
162219
157159
156397
160248
156413
160294
155463
156660
155970
158049
156527
159068
154920
162391
155387
157550
154702
161346
156641
156163
155353
159930
157834
156316
157594
156466
154958
155989
154354
156376
156392
161571
155366
155779
155482
160649
156611
156634
155930
156407
157327
155864
160863
159931
159935
160106
154858
155929
159973
156449
156171
155350
162217
156614
157478
154796
156653
156401
157127
156904
160397
156181
156827
159180
158301
156347
157839
161935
156672
155801
154942
161470
160395
155926
155795
162211
161605
161609
160834
155831
156654
160088
155467
160824
156173
155358
157752
155956
155316
156648
155884
160750
157994
154545
156214
156202
154680
160726
156642
156348
155432
155985
159940
154755
154847
155940
155553
156169
156475
155416
156363
155927
154697
156639
155874
162216
162415
158726
157261
157450
155794
156432
156419
154953
156443
156669
155952
155888
155859
155924
154422
155908
155306
155793
154459
161736
155886
155881
157255
159352
155473
156423
156626
161819
159483
159484
156346
155338
155441
154658
159242
156450
156337
158299
155777
156668
156631
155398
156282
155954
157586
154673
159052
159934
154652
156446
156224
156283
159936
156385
156438
161761
156434
155442
157526
156326
155807
156342
155393
155320
155811
155958
155346
155330
155335
156474
156649
155578
155861
155396
155951
156383
160237
156479
155446
158512
162213
156415
156271
156693
155910
155907
155576
156441
155961
155875
155812
157904
155904
155772
156427
156644
155334
156362
155423
156421
155798
154655
156364
155799
157476
156394
156460
155496
156324
155980
155882
154774
161673
155858
156629
155369
155880
162218
156244
155774
155978
155957
155800
156396
154747
156464
156477
155878
156439
156624
155329
155355
156286
155425
154935
161285
155307
155421
156302
155992
155982
154807
156424
156336
161021
155347
155805
156468
156655
155435
156418
155444
156340
155433
156454
155972
155726
155899
155808
156425
155783
160085
156366
156480
156345
159235
159234
159210
157670
155993
156684
155362
155394
155862
158522
156402
155406
161613
156445
155719
156375
155571
156361
155792
155969
155915
155962
156801
155949
157616
158549
156657
156298
155873
155898
155434
154472
156223
156690
155528
156470
155803
155877
157675
156681
154488
155357
155780
156414
159121
159939
155916
155485
155971
155426
155375
158850
155785
160910
158710
155370
156329
156231
155860
156179
156405
156194
161318
161319
160263
158716
156292
155295
156380
155797
156227
156225
156360
154756
158361
160668
156186
156335
158653
156463
155796
155902
154653
157196
162287
156189
155870
155698
155887
156367
156621
155872
156220
155390
156323
156393
155866
156462
155883
157551
156686
156683
156299
156236
155953
156243
160979
155788
155983
156409
155380
156692
155986
157134
155968
154890
156472
157425
156370
160226
156412
156748
155879
156399
156390
155460
156640
155337
154830
155909
156322
155354
156341
155475
156452
155975
160809
156307
155802
156377
156430
155791
155966
155977
160942
158589
156661
155778
155408
155776
156207
156907
159260
158448
155804
156382
155945
156217
154628
158432
160191
155931
155304
156301
159261
162414
155955
156317
156203
156266
155728
155891
155695
155941
156766
157494
155431
155249
156246
156473
155918
156435
156180
155782
155885
159948
156339
156388
156451
155867
156233
157958
155389
155359
156461
155991
155876
155298
156284
162212
156219
161656
156633
157582
161548
155462
156422
158074
154857
158670
156210
155727
156310
155581
154800
156476
156213
155374
155773
155868
156198
160195
160194
158733
155890
155479
154907
156389
156296
155470
156632
154944
155476
156205
161896
159486
155351
155863
155789
156433
154663
155243
156622
156188
156344
156333
155723
160974
156685
156659
156177
156121
156122
155865
154922
156221
155345
156478
156431
160081
156331
156694
156288
156238
156767
158525
156667
155373
155995
156300
156436
155388
157541
156420
156429
160464
155857
156817
155932
156229
154750
156234
155676
156635
154799
155410
155672
160409
156469
155942
156691
157725
159648
156242
156287
156645
157028
154645
159960
156456
156687
157485
156442
158546
155963
161786
155363
160928
158438
156676
156328
155692
155906
156175
156222
156209
156406
156211
156447
158417
156688
158390
156404
156187
158334
156403
156391
156108
158729
158728
155917
155588
156603
157574
154974
156235
156675
156368
154558
155395
156297
158394
156204
160926
157454
156306
156359
155299
156230
156369
156228
156563
154640
158842
161414
157997
156240
157458
160224
160193
158473
160190
156678
155400
157150
155313
155889
159213
156969
157552
161782
154392
154393
160250
158452
154565
154979
160258
159349
160706
160261
156457
160257
160262
160259
160252
159110
159351
159350
159938
156305
157250
158554
160256
160254
162378
155928
156697
160255
160253
161183
154910
159348
154963
156902
159413
158513
156190
160783
160260
155784
160235
160234
155465
160233
161839
154904
155474
159122
158318
154806
159543
155457
158434
159981
161686
154625
156007
158450
155477
159492
159491
159487
160831
161631
155642
157471
157981
155759
161106
154528
157549
160186
160187
155162
155011
157813
156839
159047
158783
160225
160915
161053
160192
160125
156736
158645
154824
160836
160776
154394
161764
156602
157457
160116
160117
160115
160114
158532
154957
156890
159851
156325
158439
156495
158558
160327
161803
162282
162286
156811
158416
156183
160228
159496
160285
156762
156733
157559
156726
155087
162469
159257
161456
161007
157143
158312
161579
161533
156308
156311
162208
160227
161556
158313
156130
160298
154432
155616
160231
156486
161512
158431
160230
159284
160033
160338
155068
159385
158007
160161
157318
157667
159852
158517
157956
161181
155666
161684
160690
154433
154833
161781
158654
159008
155199
161743
157376
160229
161711
162119
156095
154780
154843
161070
161570
161943
156866
157814
159770
159256
155817
160031
161780
162298
156455
156581
159131
160055
157575
155136
157979
160079
157531
159945
156510
154594
162466
161889
161572
157423
154905
161633
156065
156052
155492
157746
160676
157758
157732
161973
158335
159687
156028
157676
154859
157077
159490
157133
154748
157489
157877
159645
161425
157577
160821
155096
157615
154638
161374
161375
161000
154586
157722
158280
162397
157360
160504
154588
154589
159494
156374
159957
161463
161464
161928
154584
154571
158557
161635
161583
155241
154984
157962
159481
154367
161553
161976
158095
162374
158465
155224
154932
157811
156038
156031
159952
161477
161515
157637
158734
157378
160763
158440
156731
159338
160040
156760
162325
161178
157082
154431
160168
162281
155601
160160
155239
155761
155323
155762
161175
155451
158001
160922
161180
162459
161177
158419
156832
154460
160685
159636
161666
156937
155842
155245
156985
155760
157666
155244
160104
154632
155240
157759
161468
157743
155765
162136
158821
158825
158824
158822
159521
159522
159523
158405
155730
161524
161567
160111
155976
156701
156703
156517
157192
154700
160162
156823
158341
162412
156617
159362
161176
155292
154532
160932
161713
159567
159647
154450
160849
156260
159589
160373
156838
156901
160546
156970
160020
158295
160997
156878
159646
159644
159643
159642
159599
155758
162121
157963
155154
156343
159360
159379
156201
160738
161411
155757
154593
154873
154975
155193
155341
160159
161231
155735
157766
160164
158373
161920
154585
159451
157073
155787
162364
159356
158511
158786
157120
155190
157824
157825
157826
157827
157828
159650
158340
154457
156099
156109
156848
161162
158338
156079
156066
161156
154879
154836
155521
155504
160163
156765
158068
156689
161779
159555
156042
159411
155242
160167
160158
161641
159437
159438
159760
154369
159839
155405
154630
155237
161939
161603
156628
160439
160265
161161
156034
156395
161797
161796
156381
159831
162038
154569
159094
155238
154837
156050
158927
154782
161923
154455
155333
155937
161388
160806
157452
161441
155327
155688
156127
154475
159359
156294
160165
161179
155287
161926
162154
156437
157136
159623
160543
154661
155810
155938
154844
159488
156471
157101
161173
161813
154639
156558
154590
155751
155750
155770
159361
158331
156548
156428
155332
154842
154633
155207
156143
158852
161927
154636
161174
155892
154841
155438
155923
154839
159415
160909
161970
162313
157847
158703
161029
161182
156215
154637
157420
156192
154635
156682
156182
154587
154834
156136
157070
159289
159288
158123
161718
156663
156239
154840
157624
156776
156132
154592
156174
156165
158321
159768
161565
156334
161585
159734
159753
155246
156184
159994
156142
155763
161087
161086
161085
160002
162468
155464
155448
156131
156123
156148
156312
161057
161598
154451
155766
155156
156616
159372
159774
161806
161632
154838
156680
155960
155471
158648
156646
158539
159835
154629
156200
161934
159975
156677
158711
160174
161538
157901
154390
161624
161593
160973
159763
154917
160078
161336
154972
156313
160286
160284
161679
159563
154554
155489
155974
158519
161186
161185
161184
161922
154849
161331
155402
159692
159688
156921
156920
156924
158097
160528
159495
154454
157840
154872
156922
154631
155472
157955
160069
155437
155722
160468
160851
155663
154909
154835
159386
158475
160666
154634
155458
158845
161552
159389
160962
157719
157584
155570
155324
162361
156275
159471
159181
160297
161159
161157
154453
161333
160126
160131
160993
155565
156822
159108
160099
161490
158848
154458
158543
155481
156861
155746
155301
154596
155903
161755
161510
157596
156526
156524
156525
155498
159331
157625
161109
159916
156290
161573
161163
157617
159878
156755
156973
156885
159862
159414
159148
160282
161612
155987
156679
155724
159212
156857
157358
159547
159958
160975
156542
159560
155693
157869
159995
158875
156730
160446
160713
154878
158516
160015
157874
157405
154613
159410
160565
155729
158515
160070
159828
159846
156274
161481
161155
154591
160625
162039
162040
157872
155468
157762
159638
154547
159432
158339
158556
161167
158542
161154
162363
158474
154809
161334
155117
155466
158327
156511
156712
154933
157538
161581
157105
159966
159164
155478
159455
157530
154512
154403
161032
154474
157659
157658
156285
162408
162171
161716
156197
160196
160430
159145
161814
161638
161948
156330
158510
158555
156232
158627
157385
159731
159713
161424
155118
159553
154511
161597
154827
159637
155745
158701
160557
160556
160555
158119
159075
159542
160086
160198
161003
159077
158514
154627
154626
158521
157007
161899
159080
154831
154484
159165
160207
160214
160212
158342
161447
156087
160712
159595
158420
160039
156253
154391
154929
162362
162008
162009
162010
162011
158125
155135
155674
157484
156502
158320
154546
157214
159937
159107
162377
161327
154505
160240
154401
160280
158005
161871
161009
161691
155740
161489
156587
157001
160630
154866
155495
155599
155600
161942
161969
158323
157444
161482
155232
160459
155594
161590
158617
158602
159639
158303
157403
161493
160203
159431
160067
158382
160677
160403
158118
157947
158575
158388
156139
161027
160071
159074
161453
155009
162120
161531
159076
158384
157003
158979
154478
160827
158470
156886
158385
160427
156508
156504
156503
158846
161655
161763
159886
159887
158561
161957
159078
155013
156995
155752
159079
159902
159900
159889
161466
159883
157723
161026
159081
159909
159896
159893
154549
161958
162388
160172
154483
159899
159888
156601
157142
159890
156809
157717
159540
157765
154998
161445
157773
154973
155115
159625
156172
157427
159953
160083
156742
155675
159891
161328
159150
161450
160803
154595
158849
161369
161370
161371
161372
154469
154915
159082
157125
157124
161428
157075
157074
158071
160675
157008
159898
159609
158383
161131
158813
162037
161329
154851
155689
159884
159089
159601
156589
161622
156588
156044
161326
161080
157000
162098
157009
159259
157004
161843
161844
154740
161956
159640
158418
159892
161011
161930
161487
154967
159894
159885
157959
161873
161962
158296
161458
161492
161536
156021
160950
154887
161519
157002
161681
156272
156914
158518
159592
158287
156485
160074
160118
158437
157005
159167
159083
158520
158379
159053
155687
159904
159166
157561
156852
158045
155046
159869
159155
158328
156291
157055
156267
159624
157087
158367
160393
159190
154583
161486
158566
154941
160469
159816
159809
160443
160428
156277
160919
156078
158664
158545
157377
158605
162467
160445
159847
157006
155671
160618
155574
161894
154863
158544
154641
161496
162122
161851
156718
161473
157634
157633
157632
154581
160176
161521
160586
154355
157522
157523
161693
160654
157873
158124
159188
161872
155134
161804
157903
161013
159111
159109
161953
161455
162006
160143
157642
161345
161526
158534
155934
158288
161908
161938
161944
157080
158574
161340
155119
154828
158536
158535
160619
160101
157137
159412
158392
160182
158568
162141
160065
156533
161344
156944
161475
157829
160631
159758
156505
162210
161446
160178
161741
160611
160012
161826
161827
160398
155896
157413
157414
161426
154826
160103
160624
154918
156112
156758
160615
156507
156506
160620
155595
155596
155597
155598
155084
160617
161874
160537
160613
159209
156673
159777
160545
160183
161682
157650
159368
154611
160616
154548
157798
161381
156014
158629
160612
161577
162086
158477
157636
159845
155284
158079
157022
162061
159830
155143
159997
159416
160185
160184
160646
161811
157660
162257
162250
162249
162254
159641
162256
162252
161678
161677
162253
159782
159783
162248
160181
160854
160534
158708
160337
161949
159829
157093
155216
159951
160570
161036
161520
162155
158377
158730
162335
161522
161903
162225
157618
160179
161936
162158
161887
158267
156241
162247
162113
162273
161337
159427
162255
159766
162317
157092
157316
162133
159781
161056
160144
154536
161078
154832
157611
158635
159764
158381
160375
160238
159776
159769
156713
159051
162230
159773
154870
157721
160180
159841
159463
159464
160548
159842
159571
159767
154741
160177
160541
160367
159162
160400
154881
162056
161529
159832
159759
156518
159780
160171
162135
162143
161427
159575
159772
158059
159779
158064
160622
161915
159946
159562
162142
159761
160802
159460
161059
160935
160479
159843
155085
160405
159778
158061
160384
159056
158060
158046
156521
162251
160371
160374
160370
160372
160369
160368
160366
160175
161672
159057
157469
158238
157593
154950
160669
155066
155289
157088
158057
162223
162239
162241
162235
159844
159903
160205
157953
159949
157789
159272
162237
155067
158830
159771
160995
160994
162057
154712
162228
162060
157172
162131
162129
155283
160563
162063
162134
162138
162130
162087
162055
158058
162140
162059
162064
160614
161992
161993
162132
162360
162232
162065
162137
162337
162339
154682
156918
162345
162336
158588
157447
162058
162341
160169
162294
162234
161090
161088
158063
160432
160433
160431
160434
162320
162062
160378
160346
162342
162333
160544
162285
162186
162300
160725
162346
158954
158468
158329
162204
160526
159332
160918
156170
157130
159974
157107
160600
162344
162280
159466
159465
159765
160576
160575
160574
162299
160353
156738
158403
160914
154692
162288
160580
160386
162188
162340
161083
161084
160379
162293
159054
158264
162181
160801
160552
157210
162109
155417
159572
160559
162283
162291
162185
162187
159441
159022
162190
158952
156101
160573
160568
156930
160289
158705
155754
162301
162192
162184
162125
162126
162127
160723
162114
162124
162139
162329
162115
159452
162319
162117
160533
162296
162116
157726
159485
162128
162330
160581
160343
160350
159177
158921
160572
157980
157727
158957
160954
162327
162054
162332
162372
155296
160383
154456
157527
162191
159459
157795
162193
160610
159671
158330
158302
162259
162267
162265
162260
162262
157923
160554
162101
160547
162321
160551
160558
157724
162323
160550
160553
155228
162150
162326
155141
156268
162246
162108
159947
160549
160560
156096
156309
158953
155399
162013
156989
157728
159421
162178
159546
162305
162306
159932
160480
160562
162112
155017
160595
160594
159815
155988
162177
162194
159677
160569
162242
156020
154438
160571
155297
162238
156056
155646
162175
156022
158030
156023
159019
162308
156071
156063
158923
156199
156191
160596
162100
160597
162174
161194
162245
159341
158319
159748
162236
161599
158925
156054
162110
158982
158920
157750
159678
155386
159699
159825
156059
162189
156107
162111
159822
156061
162244
159290
162097
158945
156085
160513
160511
161347
159570
159067
159065
159063
159062
159061
159060
159059
159058
162042
156058
162243
159017
159462
159461
160601
156055
162307
154552
162324
158942
159576
159807
159203
162014
156062
156074
156064
158924
162107
156081
161544
160028
162303
158236
159202
160380
160585
162302
155060
162309
158586
159573
162180
159819
158062
156051
159813
156077
159693
158590
156057
159925
161971
156032
156047
162095
162148
162159
162163
156060
156073
160603
162269
162271
162272
162274
162279
154538
159528
156084
159574
162278
162310
162161
162166
159482
162182
156027
158456
162263
159732
159744
158820
158819
162160
162085
162165
162167
154386
154387
156045
158471
162168
158587
162229
160578
160588
160579
160583
156040
159820
161373
157347
158595
162304
155144
156593
162366
162091
161196
160221
160539
156035
162092
159738
162162
162093
162094
158997
159741
160605
155743
160609
158959
156069
156053
160606
158054
162149
159749
155343
162195
159746
162151
156067
161091
161092
159755
158024
155946
158594
159472
162214
162164
156039
158950
155352
156037
160584
155680
156278
159566
157083
155683
156705
156025
162173
155912
158571
156720
156714
156046
157182
161320
159739
159735
155572
156080
162027
158958
156350
156030
156076
156700
162090
156357
155515
156349
156269
156029
162088
159737
158395
156927
155513
160582
156707
161532
156036
160604
155947
155567
156710
155922
156352
156041
157168
157167
157166
158919
158922
156717
158928
158872
155450
160608
160607
156702
155508
160542
156872
155690
155686
162089
155905
155685
155522
156128
160364
155155
155302
155919
155322
156279
155913
155512
159093
162240
156898
160885
156719
155741
160105
156072
156097
159736
156154
156043
156699
160223
155506
158955
156706
155519
155326
156111
156168
155340
158565
159745
155682
160530
155507
162197
156711
155568
156070
155749
162196
156088
156304
156075
156083
156110
162201
159742
156355
162268
156024
158956
155447
156150
157647
155511
156160
155737
155742
155518
156098
162380
161198
162226
158591
155368
158491
158490
155509
155684
156715
156086
155670
159436
158735
159715
159725
157720
160527
155920
156093
157404
162145
162198
155429
155422
158944
162144
155921
155391
160587
155328
155516
156158
159754
156149
158951
156155
156353
162258
162200
162179
156993
162205
158282
159751
156351
156167
161171
159712
155935
160893
155990
156356
156144
155948
155681
155430
155755
160875
156245
159580
156146
162266
156026
160969
156100
161166
156090
161639
155397
160873
156698
158145
156106
159717
155321
159733
158994
160602
155016
155409
160382
161170
155517
155911
161164
160359
155401
155959
161168
159714
156280
156716
156741
158940
156354
155744
160900
162463
162464
156159
159752
160358
155514
158983
158164
158163
162176
160365
160204
158926
155679
155523
160197
162203
159729
156704
162202
160362
159728
162079
162153
161645
159750
162147
156276
156068
160352
158371
158372
159591
160281
156157
160354
160215
156176
160210
161321
158265
158263
160213
161004
162367
158995
155520
155510
162276
155309
156156
157931
156092
154716
156091
160279
160218
159721
160208
159747
159467
155753
159201
158996
159740
156151
162172
155505
155428
160357
160529
155914
160216
160206
158946
161800
162099
155384
159711
155738
155739
160199
159696
160363
156620
156303
155502
159719
154439
160889
159730
156509
156102
159697
156254
159723
162146
156152
156164
155336
156089
159608
158991
156104
160356
160201
159703
159704
156103
160876
161542
158993
158985
160473
159716
158998
160890
160525
155747
162199
159705
161751
159676
156135
160714
160715
160211
159700
158376
160902
157844
159727
159633
160592
157663
160887
157533
159718
155404
160531
159268
160170
158234
160536
160209
159629
160895
158990
159702
156105
160407
162050
159128
158792
160124
160123
157764
156804
158866
159710
157945
159756
158025
158098
159691
159476
158992
159698
161204
159689
160202
160219
157610
161549
155748
159961
159695
159091
156119
156118
155364
157833
158989
159690
159470
161189
159469
158076
159701
159172
162080
158235
159473
161768
157146
157145
160150
160149
160148
160147
160146
158031
157996
159709
158492
161197
158240
159708
161192
160200
160891
157952
159474
157641
160293
157539
158913
155018
157830
158987
158343
160730
158413
158984
158027
154564
161195
158032
160013
158981
160853
160377
158988
159525
158026
162264
160937
158980
158029
161850
159468
157868
161190
160598
159775
161731
158986
158023
159192
161765
159004
157852
160808
161776
158865
160744
157644
157643
158632
158082
161774
155662
161770
160385
161771
160381
156013
156048
156484
159000
161472
159378
157449
157990
157862
157983
160599
162456
159635
160968
161014
162096
158814
160955
155566
159204
161754
158841
162261
158113
162277
160462
154753
154398
161160
156899
157537
160130
158233
160589
158389
161509
161625
160591
160590
158753
161093
160593
161527
156033
161912
160153
158633
157260
162458
162331
158941
157171
159064
159066
159388
159613
160857
161534
158004
158232
160348
160856
161330
155610
161158
155029
162270
162275
158610
156270
161963
155039
157141
159955
156709
161001
158239
161465
154749
160399
161929
158107
159277
159281
160444
160029
158241
161028
160894
158917
161909
160670
159578
159205
161769
158100
158736
158237
160879
154976
160512
158787
159579
158785
160883
156094
156082
161412
155503
161972
158105
159577
158779
160404
158066
160347
159355
158509
160878
161386
158093
157745
158915
160273
157104
155936
160967
158911
155691
156923
161773
161784
161772
161640
159236
161504
158636
161494
155756
161895
156494
160470
157849
161766
160466
160467
158916
161775
162369
158067
160901
158564
157672
157673
157674
155965
158360
160877
154477
158102
158397
157604
160892
158053
156162
161555
159743
160881
160868
158195
161717
157422
160896
160903
161105
161767
160882
160481
158918
160899
161600
160874
155192
157623
158614
157402
160872
160904
159050
157532
158272
159707
159207
160092
154787
158826
159373
158976
154794
160460
161462
162053
162338
158802
160000
159999
156896
158914
160920
156830
159100
157870
161789
160880
157015
160848
161423
158661
160888
154701
157415
159587
154939
154821
158441
155024
161719
155667
157019
160396
158623
154808
156761
154812
158414
154711
158909
158273
159836
158111
160436
157169
160826
159275
161588
154819
159337
154373
154374
154375
160956
154813
160151
158732
160463
162035
159556
160925
160242
157578
158508
154817
162454
155247
157388
158494
160251
158498
158116
158476
158117
159720
161582
154406
160825
158702
161792
156863
157085
158435
156256
158628
157387
161919
158199
155131
160756
159694
157788
160938
157054
159990
160100
158972
157569
155142
158977
157410
161869
155653
157841
162023
160898
160953
157853
161967
156564
158620
158393
160652
158638
162411
154816
158761
161722
157568
154820
154862
155082
162413
154818
161075
161721
159585
158191
154822
155146
162401
159453
161730
160629
158793
161729
158609
161794
161282
158126
160927
158834
161537
156824
157613
157014
158108
160948
161501
154814
159392
161389
154867
157027
161914
158171
160249
156117
162368
158975
161910
157111
158075
157424
156879
162019
155233
161723
158971
162016
161031
161235
157445
157941
158836
157591
157799
161060
158073
161911
159630
159631
157474
157865
155103
155615
158480
158200
161955
158193
158524
155665
159821
160804
155099
159806
158112
160944
159449
160957
158270
161480
158759
159517
161299
159507
157078
158677
156739
156740
156862
159557
158192
160886
158201
157016
158040
158478
158035
158110
157508
158114
159383
158500
160239
158271
157012
161421
161418
157802
157800
161738
160766
157920
158851
158974
155139
157787
159788
161498
162470
162471
162472
157767
159340
158034
159796
160142
158041
158345
158344
155618
160963
159983
159982
160850
158618
159797
159812
161950
159814
158625
161888
158449
157144
161376
158484
160958
157815
159632
158015
157919
159823
161304
158042
159798
161860
157763
161500
158197
159787
160133
158412
161649
159817
159785
155059
158033
161979
158681
158497
158496
158039
155163
161442
159810
157801
159724
159802
158457
159726
158037
158196
159784
158056
161941
160897
160936
158036
162334
158038
159801
161596
157046
161589
161296
155591
157011
159786
159792
158502
161891
156763
157017
159882
159503
157461
161410
159506
154869
156883
159514
157785
159793
160390
155047
155048
158572
159791
159794
158266
157863
155668
158720
161379
161377
157481
158268
158486
158622
161408
161403
161406
161688
159795
159818
161925
160757
161294
161295
161300
156637
161933
161121
161129
158763
158483
158680
154864
154412
160538
158682
161471
158206
155664
162311
162315
158081
158179
158626
158495
161575
159018
157779
158931
159515
161491
157927
158172
161924
159524
161130
159043
161226
161890
159160
161467
160120
159513
158198
161961
161457
158433
161225
158499
158269
158018
158020
158016
154977
159805
158507
159811
158541
161523
158189
158188
160692
158485
159827
161469
158671
158362
158506
161893
158109
157950
160952
162018
159306
158634
158185
158152
161382
159803
158912
158207
159314
159313
157525
161215
157084
159808
157258
154934
161420
161256
161254
161257
159790
159824
158871
156782
159475
158895
158139
158143
158140
158137
158131
159510
161220
161812
158205
161404
154461
158505
158504
158503
159799
157090
158458
158930
158943
158256
161476
158837
162012
158028
161595
156513
161217
161448
161407
161478
162030
161488
161429
158637
159282
161452
161191
157738
161280
158641
159962
159283
159804
158910
158130
161127
158021
160661
160921
158176
158369
159042
161216
161210
161224
159031
159800
161385
161238
157961
161193
160691
158194
161384
161239
158886
161932
161946
158612
157470
158487
159789
161358
157760
162081
161416
158213
161866
158148
161759
161246
161785
158022
162118
159477
158247
158607
158249
158242
158949
161863
158220
161072
158151
158186
158493
161247
158948
158136
161276
161380
161258
160940
158631
158077
161959
158147
161886
158180
161439
161135
157924
158219
159511
161857
155606
158190
157875
161495
161218
158115
157079
161945
161858
158640
161604
160941
160906
161139
158208
161402
158592
160476
161986
161868
161900
158210
158882
158906
161271
161126
159670
159508
158885
158907
159013
161240
161233
154559
158203
159965
160693
161982
161528
159021
161361
154815
159023
159501
158896
160917
158932
160946
161430
158014
158897
160923
157590
161136
158611
159032
161383
158501
161281
161275
161981
161277
158017
161272
158155
159505
159504
158879
156800
161260
161356
159429
161902
155669
160951
161219
158934
158894
158187
158153
157598
154523
161165
161140
161897
158877
161904
161419
155104
159029
158965
160959
154677
158141
158174
154609
158202
161265
160109
161913
161937
158146
158642
158326
161409
161405
158181
161350
162049
161985
158939
158088
158898
161355
158168
160960
158204
159048
161438
161137
158880
161351
161859
161862
161864
161861
161348
161124
161293
161301
154607
161119
161865
161273
161274
161867
159478
154676
161432
161278
157010
158482
157081
161143
158901
161685
161451
158459
161279
161437
161433
158938
161984
158462
161144
158133
159369
159480
158876
160075
158593
158904
161138
158230
161125
154678
158217
158013
158884
158663
158883
158935
158138
160222
161535
158177
158175
158173
158178
158461
161362
161212
158260
161142
158221
158157
161503
161242
161128
158613
157851
159039
159038
159036
159035
159041
161232
161434
158460
158900
155069
161118
161122
158214
161951
161172
158216
158223
158463
161352
161988
156919
157848
160026
161431
158019
158899
158281
154675
159586
157739
158224
161436
161259
158608
161413
161359
158212
158072
161364
158929
157761
158209
156528
158639
161435
161169
158182
159424
156591
158154
161990
157154
159087
161367
160943
158243
159554
159044
160905
159497
161074
161365
159964
158144
161255
161253
161252
161251
158936
158231
158227
158348
161270
161263
161266
161268
155654
158479
161214
159033
161363
161592
157817
158226
161354
161349
157599
158218
161525
158937
158183
159028
159027
159026
159030
158128
158135
158132
158129
156794
158860
160884
161245
158966
158968
158933
161262
158262
154777
158149
158259
158257
158253
161987
158878
160695
160913
158225
161989
158962
160964
158969
161530
161141
158857
158222
158211
158903
159826
161269
158012
161261
161228
161264
158277
162328
155201
159085
157780
158964
161484
158970
158142
158158
158156
154551
159034
161298
157954
159509
158089
156874
158229
158255
158858
157731
161213
158573
161134
158606
161846
161243
161366
154660
161241
158963
159318
159319
159320
161497
161120
158960
157152
161591
158647
161353
157782
158250
158246
161642
159025
158258
154515
158261
161267
159972
161244
161995
159998
158861
154522
161960
161675
161616
160455
154446
161250
161357
160217
160058
160535
157499
158961
155023
158827
158215
158332
158254
160014
154951
157498
161360
158084
158902
158086
159722
160916
158967
156721
158251
158248
155266
158831
158829
158245
159040
158101
158855
161983
161760
158411
158646
158464
159502
157106
161454
160731
160739
161229
157519
159084
161303
161584
161643
157349
160438
158758
161994
161901
157614
160970
156777
158833
161853
158832
158812
157845
160264
161980
157640
158864
158719
158415
158835
158087
158863
157548
157783
155125
157032
157784
161117
156882
161499
155176
161401
161443
161898
156802
157867
158150
161615
160911
158078
155012
161440
159184
158085
156725
162015
161667
158228
158134
161502
159615
159963
161629
156968
157857
160453
159627
157513
159860
160017
158756
154568
161623
158862
160274
161145
158621
156729
161505
156909
156566
158560
159037
157518
157887
161123
161947
160623
156893
158244
157951
161835
161954
157108
158854
158859
159628
162045
161709
161714
159559
159267
159024
161636
160708
157592
161474
160972
155145
157926
157735
156929
157866
160456
161601
158083
157520
159303
160643
160651
157651
160093
157155
158856
161757
157740
160435
156627
161832
157742
158755
161845
157515
161715
157521
154418
157052
161543
162000
157516
157858
154524
160653
162047
162041
162376
161830
161836
162046
160454
162017
161627
161918
161540
160096
158481
159879
159206
161996
154526
154525
158754
158466
155673
161828
160027
159046
157860
159347
157850
161833
158685
159858
158467
158699
157734
161831
161479
156638
156562
161651
161849
161997
162048
162043
162044
161998
159161
158080
161829
159176
157365
162002
158099
157855
162034
160077
161546
158762
159146
157514
161368
157861
159322
159321
161907
157517
158104
155140
162084
161848
157856
154969
161852
158311
158757
157755
161834
159419
159418
159049
161082
162316
158695
158694
157607
157606
158697
159159
156833
158700
158698
157806
157808
157807
160426
160107
157512
162025
162028
158619
159872
156770
161854
155263
161449
159565
161892
157340
159683
157988
158696
157123
161940
161758
159837
159838
160518
160517
159833
160644
161654
157383
159680
162455
159179
159420
160122
159757
160056
159993
162220
157285
161073
162026
159158
162001
161847
159682
160045
161702
159681
157864
161999
159684
155587
155586
162482
162465
157053
161663
162312
157809
162024
159266
157960
161664
159863
161387
156775
157736
160387
161978
160094
157794
159561
160292
160141
157796
159344
161788
156769
159345
157179
159346
159157
157737
158547
162483
160340
160458
160036
162031
157128
157819
162462
160025
162022
159311
161671
162314
159276
160271
159310
161665
154437
159367
161037
161038
157132
162021
160475
160729
159269
157657
161728
162476
159339
158127
159309
159312
157045
157774
154991
154363
157131
155003
162032
158410
155584
157051
160388
161905
159363
160272
162322
162029
159913
160510
158660
159979
159366
159968
160474
155585
160457
156997
158706
159971
159264
155583
160342
161795
160509
160300
157985
159156
159969
162318
160389
154811
160341
157560
160121
162020
160514
159417
158604
159967
159970
160301
157375