55902
169742
169777
162592
169713
169712
162591
169714
163800
165737
167649
169403
169495
168798
169393
168313
168800
169396
166310
169345
166304
166305
166309
166303
166744
166870
166076
166078
166077
166081
166080
166070
166116
166111
166109
166118
166117
166114
166115
167295
169197
169178
169157
169109
169186
169129
169111
169146
169472
169559
169457
169455
162639
169470
169852
169235
168837
168971
167987
169074
169033
169034
168243
168257
169921
168662
168666
168942
168668
164934
164938
164204
164937
163312
165432
163668
165660
165425
165427
165426
166013
168120
165687
166057
166059
168774
166006
168871
169906
164025
169576
163741
163301
162758
163048
169484
163038
163222
163299
166452
165726
166451
164964
164961
164945
164132
164090
164058
164060
164144
164243
164104
164143
164140
164238
165822
164138
166029
166030
166028
165309
165693
164997
165613
165357
165381
163081
163212
163262
163844
169914
169498
162502
162512
162550
169904
169443
169471
169539
169871
169528
169872
169534
169553
162615
163032
163035
163045
163028
162662
162669
162626
169453
163034
165809
162707
162616
162711
162692
162703
166664
167211
166371
166592
166322
166301
166319
166320
166302
168218
167974
168025
168851
168687
167569
167957
165378
165240
165238
165467
165461
165109
165122
165106
165129
165215
165667
165658
166008
166011
166005
166004
166010
165870
165880
165548
165646
165573
165499
164544
164545
164557
164601
164606
164512
164502
164495
164968
164481
164995
164992
164971
164987
164985
165000
164720
165025
164778
164704
164701
164826
164699
164700
164698
164806
167506
167759
167734
167741
167731
167752
167765
167727
167730
167732
167679
167687
166012
167206
167426
167396
167397
168165
168182
168175
168181
168094
168095
168091
168097
168147
168127
168134
168293
168256
168241
168259
167948
167938
167939
167803
167832
167770
167773
167830
168050
168058
167972
168070
168038
168043
167964
166389
166403
166386
166317
166318
166368
166323
166316
166355
166485
166370
166517
166206
166492
166009
166031
166034
166027
166037
166271
166270
166273
166262
167040
167034
167053
167036
167033
167066
167055
167167
167094
166689
166740
166713
166651
166858
166501
166771
166812
166772
169876
169889
169866
169865
169885
169893
169887
169878
169881
169891
169877
169858
169862
169796
169802
169807
169811
169912
169803
169903
167073
169479
169448
169450
169507
169460
169481
169884
169480
169482
169483
169386
169854
169886
169572
169896
169550
169502
169907
169547
169541
169543
169812
169546
169901
162903
162773
163027
163024
163010
162987
163060
163143
169847
169841
169836
169837
162713
162734
169844
162753
169835
168523
168604
169846
168565
168573
169829
168572
169833
169826
168430
168576
168426
169832
168405
168442
168334
162739
168481
168485
168495
168863
168474
168868
168834
169244
169249
168634
168707
168706
168710
168702
168717
168714
168720
168723
168696
168713
168724
168682
168677
168624
168673
168712
168691
168678
168683
168685
168684
168697
168674
168690
168688
168679
168692
168689
164206
163927
164080
164109
164334
164373
164016
164350
164370
164376
164369
164361
164273
164228
164298
163346
163070
163118
163076
163485
163542
166185
166208
169797
166187
169798
168651
168650
164345
168653
164339
164347
72477
162671
168236
168675
167052
162498
162611
169456
169487
162545
162565
169489
169493
169499
165193
165186
165782
165649
164788
166286
166288
166274
166258
166249
169831
162682
162672
164151
164127
164149
164226
169461
169169
169175
169171
169176
166875
