26231
53203
25208
42204
26240
39252
78149
26423
26435
26418
71103
26243
26281
36211
26252
26430
25201
75136
32263
55901
24204
49201
26402
30202
26233
26242
33201
26405
26248
69714
55201
77976
39250
77977
76095
69619
78684
75844
77755
26292
71317
77904
53204
71311
77791
77594
44201
26417
78667
169931
166291
163251
166447
163252
169756
169289
163338
166394
169294
168795
166391
163622
162937
166443
166397
166445
166392
166442
166441
169757
169739
166396
169763
169754
166440
169741
163588
166444
169744
169746
169750
169755
169762
166290
169707
169301
163241
169743
169779
169751
169753
162819
169749
169748
169740
169764
169781
169770
169747
169771
169782
166393
162647
169772
169774
169776
162820
169765
169768
169773
169710
169769
169711
169708
162534
166914
169705
169780
169766
169758
169778
167070
165922
167519
169767
169704
163322
169703
165614
169706
168761
169709
164076
169729
169735
168402
169775
163719
166989
169734
169732
164749
169718
169738
169730
169733
165239
169726
165807
169702
163162
165820
169737
165814
169736
165808
163714
165805
169727
165812
165798
165821
165799
165818
169728
163799
163790
163195
165816
165817
163611
163792
165844
165804
165741
163789
163795
165813
165803
165810
163610
163888
163191
165802
163185
163794
163190
163496
163791
163186
163391
163384
165739
165701
165819
165736
163388
165708
165738
165734
165849
163192
163193
165705
163189
165706
165707
163797
165696
165375
163184
165700
165336
165699
165704
163793
163798
165376
165703
168304
165698
165735
168302
165702
168306
165740
168305
168310
168316
165697
168309
167878
167877
168307
163796
168298
167876
167955
168308
167879
168297
168317
167885
168301
167881
168791
168303
167886
168312
168299
167963
167880
167884
168311
167882
168785
168343
167883
168296
168345
168784
168325
168341
168783
168340
168295
168786
168344
168346
168369
168314
168300
168330
168339
168347
168318
168326
168329
168788
168327
168321
168342
168787
168320
168323
168319
168338
167712
168322
167623
167378
168789
167875
167622
168328
167619
167625
167626
167616
167621
168324
167634
167593
167620
167633
167627
167636
167617
167552
167562
167556
167557
167563
167555
167668
167624
167572
167707
167564
167635
167637
167618
167559
167558
167606
167560
167565
167640
167664
167709
167641
167561
167706
167663
167660
167702
167665
167705
167711
167661
167713
168792
167638
167703
167659
167642
167710
167704
167652
167647
167658
167662
167643
169573
169614
167708
167657
167656
169645
167648
169640
169575
169608
169609
167639
169639
167651
169616
167655
167653
169641
169647
169564
169404
169642
169622
169561
169405
168790
169644
169643
169408
169563
169400
169407
169447
169638
169586
169420
162941
169402
162950
169646
162781
162946
162942
162708
169648
162943
163005
162944
162940
169649
162939
165847
169687
169406
162949
162947
162948
169684
169401
169685
165848
169686
168850
162945
169688
169680
169937
169397
169681
168824
169690
168823
169689
169683
169694
168876
169682
169182
168833
168825
169282
168818
168891
168819
169277
169278
168822
169279
169399
169691
168821
168826
168801
168797
168802
168820
168803
168796
168799
169346
168794
168807
168804
168805
168793
168817
169391
169350
168806
169280
169352
169351
169343
169347
169326
169389
169398
169330
169329
169337
169327
169395
169392
169333
169334
169328
169394
169348
169332
169335
169281
169344
169336
169353
166325
166326
166722
169331
166124
169341
166410
166725
166723
169342
166133
166311
166134
166327
166307
166312
166727
166873
166130
166308
166128
166131
166724
166731
166132
166726
166136
166728
166129
166127
166797
166306
166799
166800
166779
166135
166867
166749
166869
166733
166801
166806
166804
166798
166802
166803
166871
166872
166746
166123
166729
166754
166795
166732
166868
166747
166751
166748
166745
166750
166752
166796
166085
166072
166753
166755
166075
166730
166087
165850
165851
166126
166082
166084
165967
165897
166090
165853
166071
166074
166083
165852
166079
166086
166068
166105
166066
165854
166120
166069
166064
166108
165938
166119
166112
166067
166110
166065
166073
166122
166093
167377
166113
166107
166088
166121
167288
168315
166095
166096
166106
166101
166099
166098
166094
167285
167297
166091
166103
167293
167267
167294
166102
166092
166100
166097
167296
167284
167287
167276
167300
167271
167302
167299
167275
167301
167303
167268
167272
167306
167270
167368
167298
167289
167278
167286
166104
167283
167281
167280
167279
167269
167273
167374
167331
167274
167282
167333
167332
167325
167372
167369
167376
167371
167367
167304
167370
167314
167328
169158
167309
167373
167375
166874
166089
167307
167310
169160
167329
167311
169161
169163
169155
169198
169201
169196
169192
169199
169203
169159
169162
167266
169200
169202
169195
169189
169179
169181
169190
169191
169187
162782
169122
169166
169188
169180
169125
169193
169185
169113
169117
169183
169184
169194
169124
169123
169126
169112
169118
169116
169110
169119
169103
169115
169120
169128
169204
169106
169153
169147
169145
169149
169152
169107
169105
169148
169151
169141
169108
169144
169139
169104
169150
169142
169135
169154
169651
169133
169130
169136
169134
169137
169131
169114
169127
169140
169143
169475
169138
169132
169454
169634
169558
169636
169319
169458
169444
169452
169557
169653
169654
169556
169442
169462
169380
162640
169666
169657
169474
162531
168988
169663
162530
169441
169379
169660
169664
169662
169102
169652
169378
169469
169667
169661
169658
169665
169229
169659
162627
162532
169656
169228
162664
169222
169226
169223
169677
169377
169218
169225
169213
169276
169655
169227
169231
169211
169224
169214
169232
169215
169219
169209
169221
169212
169207
169220
169268
169262
169274
169273
169210
169266
169259
169216
169270
169267
169269
169271
169272
169260
169263
169238
169208
169206
169258
169275
169234
168002
169236
169205
169233
169230
169237
167996
169264
167990
167993
169261
167995
167997
168001
167998
168014
167994
168973
167351
169265
167992
167989
167451
167999
167485
167342
167991
168905
167986
168972
168386
168847
167988
168845
168387
167348
167449
168003
168904
168385
167450
168836
168388
168005
168838
168380
166865
168004
168382
168016
168384
168902
165779
163809
168374
168019
168017
165265
168018
163959
163957
165139
168400
164927
165229
163489
163605
167341
165289
163606
163958
163561
164928
168990
163895
163473
163062
166552
166555
163896
166554
166556
166547
163124
166574
169101
163472
166545
166543
166557
166550
163488
165266
166434
169069
166551
166546
166511
167227
169066
169071
166544
165939
166549
163956
169068
166541
169072
166553
165940
166023
169061
169067
169070
165941
166548
169058
169036
169075
169098
169064
169031
169032
169059
169060
169065
169035
169028
169030
169097
169063
169029
169073
169091
169090
169062
167675
169095
169100
169084
169094
169088
169096
169000
169076
169093
168999
169085
169083
169099
165710
169086
168996
169080
169082
169089
168997
169087
168989
168998
168974
169078
169001
169079
168983
169081
168984
168987
168985
166026
168993
169922
165672
168995
168981
168994
169002
168249
165352
168979
168986
168980
165351
163581
166702
162751
165372
168992
167609
163544
165350
163647
166700
168255
167981
162924
166701
163332
169923
167685
164039
163516
168247
162750
163333
163596
163331
163515
163119
163099
168422
168657
163513
163514
163330
166659
163272
164739
168596
163329
168423
168663
168658
168417
168415
168664
168418
168597
168598
168420
163376
168927
168172
168419
168416
167682
166853
168222
166967
168412
168950
168114
166677
168414
168234
168407
166693
168410
168409
168411
167631
168413
168408
168925
168941
168939
168956
168944
168951
168943
168938
168949
168953
168955
168945
168952
168954
168946
163962
168940
168919
168916
168917
168948
168923
168671
168918
168775
168937
168776
166578
168812
168928
168926
164904
164743
165261
168924
168929
168922
168931
163964
168921
164951
163963
164774
168920
165344
165359
168957
165422
165421
165148
164177
164935
163597
163509
163181
163676
163638
163669
163961
164936
165333
168958
163311
163518
163310
163774
164185
163820
163309
163090
163677
166015
166349
165443
165866
165863
166014
165865
166348
166016
165439
166017
165423
165434
165433
165827
166018
165864
165867
165431
166019
165444
162845
165424
169940
165436
165430
166157
166353
165428
165440
165435
165442
162846
165437
165438
165441
166523
165659
165429
168403
168959
162714
162847
168265
168268
166828
166833
162566
168269
166839
168264
162844
162606
168782
166830
168267
168119
168135
162619
168115
168116
168266
166055
168117
166821
168832
166041
162641
168112
166826
169589
163334
165685
168759
166058
168760
169597
169598
166039
168118
168758
167111
169595
169596
169594
166056
163501
169590
162599
162618
162617
162681
168870
164031
169855
169599
168869
169056
168770
169055
162916
168012
165247
165249
168773
169578
169384
164784
169415
169577
162907
165248
169414
169593
165250
169057
162917
169637
169579
169583
169585
165246
163773
169054
169581
163749
164026
169582
169580
169584
164933
163755
164750
164095
164094
164092
163751
164051
163754
164091
169591
163752
164093
163552
163753
168771
162915
163226
163750
163875
169477
163551
169592
163512
164751
163091
167933
163747
167932
163743
163745
167930
163095
163744
168009
168214
168361
163746
167931
168008
167936
163543
167934
168364
168366
168362
168394
168167
168393
167935
162958
168363
168748
162935
162926
162836
162925
168570
163022
167590
162754
169929
162755
162959
168743
162954
168754
166935
168753
168752
169674
162785
168839
168755
166932
168777
169537
169434
167097
169623
168912
168874
168875
169422
169315
169517
163036
169421
168742
169427
169425
168878
169933
169423
169530
169428
168898
165277
165724
169424
169673
169426
164777
163819
164775
164029
165586
166916
165142
164843
165286
164108
163703
164955
165283
165282
165712
163975
165287
166931
163224
165285
163296
165714
165711
165312
164086
163960
165284
163295
163319
165146
163545
163297
163568
163221
163601
165654
163128
165310
163156
164107
163223
166674
165244
163619
163298
163600
163671
163530
163582
166785
163602
163080
163486
163497
166862
163409
166675
163532
166672
166667
166561
163531
166918
166860
163068
166673
166917
166671
166736
166915
166560
166920
165892
166923
166921
165838
166925
166861
166924
166922
166930
166928
166919
163003
166043
165912
162745
166500
166061
166926
162657
166929
166007
162555
163043
162696
167472
162643
166038
166927
162857
162961
162928
163047
162586
162568
162584
163623
162610
162661
162596
162588
162637
163863
162675
163779
163769
162607
162644
164033
162576
162572
163573
164417
163759
164428
163970
164942
163738
163546
163860
164874
163724
163780
164117
164860
164747
164744
164875
164431
163505
164734
164748
164757
164877
164962
164761
164940
164762
164004
164754
164958
164763
164764
164429
164939
164765
164956
163810
164931
164963
164430
164960
164926
164932
164918
164881
164248
164880
164929
164925
164883
164879
164930
164923
164922
164878
164959
164915
164882
164924
164079
164078
164884
164089
164921
164072
164135
164902
164050
164044
164096
164059
164049
164088
164082
164099
164085
164056
164055
164075
164084
164097
164073
164074
164052
164081
164103
164053
164046
164062
164064
164202
164100
164175
164054
164201
164182
164187
164186
164203
164192
164176
164106
164110
164173
164121
164239
164245
164134
164141
164216
165924
164965
164118
165926
164130
165298
164102
165903
165927
164171
165964
165893
165929
165923
165960
165936
165895
165962
165902
165288
165751
164145
165905
165841
165754
165859
165786
165733
165753
165961
165749
165746
165963
165925
166003
165785
165861
165901
165891
166002
165965
165860
165990
166024
166001
166042
166050
166047
166045
166048
166025
165996
165991
165301
165966
165968
165970
165993
166049
165980
165717
165998
165975
165280
165978
165311
165276
165974
165992
165305
165727
165976
164043
165293
165279
165300
165994
165268
165308
165977
165306
165150
165144
165271
165267
165269
163967
165254
165093
165153
165138
165681
165227
165324
165235
165231
165151
165207
165995
165326
165692
165694
165316
165417
165243
165328
165487
165395
165334
165337
165691
165671
165615
164966
165325
165720
165486
165329
165335
165353
165709
165340
165377
165416
165684
163403
165327
163402
165330
163460
165338
163471
163401
163468
163408
165374
163469
165360
163394
163452
163455
163404
163490
163398
163407
163399
163320
163328
163325
163314
163356
163327
163558
163397
163589
163386
163392
163379
163565
163387
163374
163540
163578
163326
163559
163481
163495
163567
163969
163560
163580
163557
163579
163528
163504
163537
163572
163548
163494
163507
163372
163585
163493
163517
163521
163175
163382
163499
163500
163556
163539
163498
163529
163563
163318
163168
163176
163153
163159
163170
163583
163171
163180
163182
163133
163538
163066
163173
163106
163323
163183
163178
163136
166053
163083
163267
163268
163172
163135
163101
163273
166151
163263
163202
163201
163308
163203
163269
163278
163208
163067
163264
163271
163591
163122
163316
163270
163315
163300
163884
163215
163307
163114
163216
163231
163220
163107
163214
163865
163108
163211
163873
163868
163227
163063
163887
163228
163213
163874
163219
163230
163898
163883
163859
163586
163834
163233
163836
163889
163862
163872
163842
163861
163839
163218
163197
163846
163838
163891
163840
163854
163885
163890
163850
163837
163899
163893
163109
163841
163870
163848
163851
164032
163986
164009
164001
163985
164014
164008
164013
164027
164012
163950
163980
163692
164023
163988
163955
164007
163953
163968
163952
163949
163966
163965
163979
163978
163725
163833
163718
163946
163691
163951
163693
163954
163728
163667
163595
163982
163974
163739
163716
164037
163722
163723
163702
163618
163720
163592
164010
163670
163694
163594
163701
163684
163666
163686
163636
163685
163816
163818
163673
163831
163788
163807
163808
163835
163811
163813
163672
163637
163617
163817
164042
163814
163778
163829
163762
163740
163806
163737
163781
163771
163688
163683
163776
163804
163832
163787
162507
163777
163830
163784
163783
163805
163772
162500
163782
169299
162510
162508
169955
163815
162503
162506
163785
162509
163786
163768
162505
169916
169954
169917
162527
169473
169938
162489
169503
162490
162525
169956
162520
169957
162526
162536
162496
162495
169510
162504
169504
162517
169310
169354
169511
169309
169509
169364
169304
169307
169356
169300
169355
169308
169417
169419
169322
169601
169587
169488
162553
169514
169410
169588
169560
169433
169600
169390
169515
169631
169340
169625
169512
169615
169522
162620
169521
169671
169371
169630
162898
169519
169526
169628
169670
169518
169538
162884
169524
169874
169513
162902
169520
169531
162932
162891
162933
162936
162906
169533
169523
169529
162909
162955
162837
169532
162835
162929
162892
162832
162842
169527
162855
162885
162913
162957
162869
162919
162843
162859
162878
162865
162860
162862
162890
162866
162912
162964
163044
163037
163040
163145
163030
163039
162938
166051
162963
162877
163046
162868
163033
162871
162985
163013
162973
163029
162918
163042
162982
163019
163031
162972
163014
163021
163149
162660
163018
163041
162986
163002
163052
163020
162960
162829
162663
162658
163054
162668
163001
162684
162679
163006
162686
162833
162636
162687
162623
162650
162678
163053
162632
162683
162680
162629
162642
162622
162673
162645
162674
162670
162621
162646
162776
162649
163713
162793
168765
162648
165806
162677
162875
162653
162778
162635
165800
165801
162638
169629
165815
162691
162815
162697
162792
163187
162787
163188
162736
162774
162813
162700
162765
162634
162827
163194
162783
162818
162761
162742
162722
162812
162716
162710
162814
162726
162706
162748
162790
162763
166981
162737
166911
166950
166907
162823
162715
162738
166999
167011
166849
166783
166971
167018
162741
166614
162744
166864
166591
166661
167000
166997
166996
166912
167015
166708
167499
167020
166970
166784
167025
166665
166709
166735
167260
166697
166691
166794
167238
166734
166666
166742
167479
167261
166703
167232
167262
166756
166782
167257
167172
167259
167441
167173
166590
167258
167029
167380
167085
167241
166342
167362
167090
167099
167079
167478
167074
167174
167105
167229
167028
166336
167060
167081
167048
166369
167098
166361
167024
166359
167107
166299
166377
166338
166360
166367
167106
167126
167171
166402
166324
166292
166401
166373
166328
163055
169298
166159
166169
166167
166507
166364
166296
166298
166331
166374
166407
166505
166502
166372
166300
166297
166513
166408
166427
166504
166575
166587
166576
166514
166509
166537
166499
166582
166583
166437
166503
166168
166532
166426
166586
166405
166577
166459
166482
166431
166430
166461
168132
166495
166460
166588
166438
168192
166498
168140
166429
166435
166406
168292
168122
168144
168286
168216
167961
168248
168111
168331
167973
168285
166433
168352
168195
168357
168358
168000
167983
167976
167975
167962
167970
168022
168021
166161
168007
168082
169283
168900
168026
168816
168024
168023
168840
167979
168848
168813
167977
168779
169293
168395
169292
168459
168360
168392
168764
168443
168378
169296
168744
167501
168815
168396
169297
169291
168389
168886
168404
168397
168747
167570
167580
167585
168750
167503
168762
168377
167586
167584
168780
168379
167589
167612
167542
168746
167588
167607
168401
167537
169295
167553
167610
167581
167504
167582
167520
167512
167508
167611
167530
167509
167536
167821
167551
167511
167502
167514
167583
167527
167868
167510
167523
167598
167887
167505
167910
167822
167507
167818
167825
167529
165263
165373
167954
167913
165380
165383
165245
165386
167826
167850
167909
165368
165369
165260
167912
167911
165319
165379
165384
165388
165262
165259
167914
165257
165256
165236
165321
165387
165230
165255
165251
165232
165315
165264
165304
165234
165318
165297
165302
165314
165303
165281
165313
165274
165496
165317
165396
165273
165278
165272
165465
165292
165479
165476
165475
165469
165494
165471
165290
165495
165466
165470
165472
165464
165474
165489
165275
165393
165482
165463
165473
165481
165484
165404
165497
165493
165478
165403
165409
165480
165468
165407
165477
165492
165460
165490
165397
165488
165420
165402
165410
165455
165408
165401
165412
165399
165400
165454
165406
165398
165448
165413
165405
165459
165457
165115
165491
165458
165445
165453
165446
165456
165452
165120
165451
165483
165107
165111
165114
165113
165450
165121
165147
165462
165117
165125
165447
165119
165118
165126
165132
165145
165140
165411
165225
165135
165078
165134
165449
165123
165228
165112
165127
165124
165084
165085
165076
165110
165081
165131
165128
165074
165141
165075
165133
165130
165083
165105
165071
165072
165077
165080
165088
165079
165098
165070
165101
165096
165086
165104
165091
165073
165099
165097
165108
165082
165199
165103
165222
165087
165100
165204
165203
165154
165102
165214
165206
165196
165197
165094
165089
165198
165090
165201
165202
165095
165205
165218
165211
165209
165192
165223
165217
165208
165116
165219
165210
165200
165224
165212
165500
165194
165221
165189
165213
165220
165226
165165
165166
165170
165168
165191
165163
165167
165216
165173
165156
165164
165161
165823
165690
165730
165835
165651
165824
165675
165665
165670
165783
165825
165662
165688
165666
165728
165833
165498
165663
165661
165185
165668
165762
165830
165669
165732
165652
165826
165729
165718
165695
165715
165716
165682
165655
165723
165657
165713
165955
165674
165973
165982
165868
165677
165676
165673
165942
165686
165987
165957
165956
165958
165680
165679
165857
166000
165943
165983
165934
165984
165997
165937
165979
165904
165920
165988
165985
165930
165919
165989
165898
165928
165959
165874
165873
165986
165999
165872
165913
165900
165862
165871
165881
165935
165981
165886
165906
165877
165875
165908
165888
165907
165549
165909
165884
165887
165921
165885
165542
165883
165879
165869
165546
165878
165648
165916
165876
165889
165899
165552
165882
165650
165547
165914
165534
165544
165564
165559
165540
165550
165563
165911
165541
165538
165539
165560
165545
165566
165514
165543
165553
165536
165513
165533
165558
165565
165535
165509
165557
165567
165554
165537
165511
165510
165894
165555
165556
165561
165517
165501
165562
165507
165531
165515
165067
165524
165505
165532
165551
165502
165530
165503
165521
165528
165525
165504
165570
165516
165529
165523
165527
165624
165609
165616
165623
165608
165526
165618
165520
165568
165647
165639
165518
165506
165512
165620
165622
165627
165621
165611
165607
165610
165625
165606
165643
165617
165508
165626
165612
165580
165642
165641
165644
165583
165581
165645
165637
165635
165584
165582
165628
165640
165577
165630
165636
165604
165638
165579
165522
165519
165578
165594
165574
165576
165572
165575
165569
165588
165571
165602
165599
165603
165619
165593
165601
165585
165596
165595
165591
164575
165587
165589
164600
165590
165605
165600
164574
165592
165598
164592
164570
164582
164577
164578
164572
164571
164598
165597
164573
164581
164567
164579
164532
164596
164569
164585
164595
164599
164587
164588
164583
164568
164580
164584
164597
164566
164593
164547
164589
164558
164591
164546
164565
164550
164535
164541
164564
164537
164590
164540
164586
164561
164594
164555
164539
164562
164560
164536
164543
164552
164603
164576
164538
164548
164534
164554
164654
164673
164650
164551
164553
164549
164556
164646
164542
164649
164644
164652
164559
164653
164647
164645
164648
164651
164668
164655
164664
164643
164641
164667
164662
164669
164657
164640
164617
164563
164656
164665
164659
164670
164637
164642
164660
164663
164610
164619
164620
164607
164611
164608
164618
164661
164629
164615
164639
164666
164613
164658
164671
164531
164636
164602
164630
164604
164626
164633
164609
164605
164612
164438
164625
165069
164638
164440
164441
164635
164622
164627
164623
164616
164624
164426
164634
164614
164437
164444
164424
164439
164436
164628
164435
164427
164632
164631
164425
164432
164457
164422
164434
164533
164433
164451
164446
164458
164393
164455
164447
164454
164456
164453
164421
164395
164445
164400
164459
164450
164448
164423
164399
164443
164449
164396
164419
164387
164397
164388
164403
164392
164452
164416
164391
164410
164420
164390
164415
164418
164442
164386
164389
164510
164408
164398
164394
164509
164401
164407
164414
164411
164498
164412
164460
164462
164402
164503
164409
164529
164406
164501
164500
164505
164506
164507
164511
164528
164522
164508
164523
164504
164520
164469
164519
164521
164526
164524
164515
164405
164499
164530
164473
164513
164516
164514
164404
164518
164497
164476
164527
164479
164475
164467
164466
164488
164463
164525
164517
164472
164478
164474
164486
164465
164470
164487
164674
164493
164494
164496
164471
164477
164969
164490
164461
164483
164492
164491
164485
164464
164972
164482
164976
164974
164980
164484
164973
164950
164489
164975
164967
164977
164957
164480
164978
164863
164991
164953
164994
164468
164981
164954
164952
164979
164984
164993
164970
164986
164890
164983
164887
164895
164989
164988
164871
164888
164866
164910
164917
164894
164870
164865
164867
164886
164990
164909
164869
164899
164999
164893
164868
164903
164885
164920
164896
164916
164672
164901
164897
164900
165041
165049
164911
165045
164949
165044
164912
164898
164996
165046
164982
165048
165047
165039
164914
165037
165040
165036
165035
164908
165050
165064
165042
165059
166021
165062
165038
165066
165060
164913
165012
165055
165058
165015
165043
165065
165034
165006
165052
165054
165004
165005
165051
165011
165009
165032
164998
165053
165057
165024
165013
165008
165063
165002
165061
165030
164862
165007
165020
165010
165001
165003
165014
165021
164721
165033
165027
165056
165031
165028
165018
165023
165016
165022
165029
165019
165017
164713
164712
165026
164714
164722
164753
164717
164707
164752
164727
164732
164767
164718
164708
164731
164728
164730
164711
164742
164864
164719
164733
164715
164716
164710
164684
164677
164729
164770
164776
164723
164687
164685
164724
164706
164681
164678
164726
164682
164785
164709
164621
164695
164692
164705
164688
164676
164693
164694
164413
164725
164683
164679
164686
164836
164690
164697
164703
164680
164675
164824
164691
164844
164835
164837
164689
164833
164696
164856
164831
164834
164830
164858
164825
164815
164780
164807
164829
167546
164853
167543
164812
164794
167550
167548
164814
167541
167601
167544
167579
164823
167597
167466
167599
167540
167568
167545
167534
167578
167532
167549
167528
167566
167533
167577
167575
167592
167490
167596
167538
167574
167494
167595
167567
167474
167594
167475
167491
167573
167591
167487
167489
167531
167526
167483
167473
167768
167600
167517
167525
167476
167488
167469
167438
167492
167524
167500
167477
167522
167471
167604
167496
167495
167464
167521
167516
167493
167740
167498
167749
167744
167739
167518
167746
167748
167736
167497
167738
167468
167764
167602
167745
167747
167743
167735
167760
167756
167737
167763
167750
167762
167751
167755
166904
167754
167757
167684
167758
167646
167753
167689
167672
167686
167761
167676
167766
167674
167465
167667
167670
167722
167677
167690
167669
167724
167733
167666
167608
167715
167714
167252
167726
167277
167729
167632
167603
167693
167716
167691
167256
167725
167346
167290
167334
167360
167337
167356
167366
167358
167728
167255
167700
167355
167292
167701
167353
167340
167354
167363
167220
167345
167338
167222
167221
167349
167254
167357
167350
167215
167347
167336
167214
167343
167217
167291
167218
167251
167213
167216
167205
167352
167339
167344
167212
167248
167253
167219
167237
167225
167365
167247
167235
167210
167244
167233
167382
167250
167246
167245
167359
167379
167467
167234
167230
167223
167428
167430
167226
167435
167431
167424
167463
167427
167439
167240
167462
167239
167458
167228
167420
167448
167433
167432
167434
167457
167421
167445
167425
167429
167460
167447
167224
167443
167446
167437
167459
167417
167386
167440
167456
167423
167769
167461
167388
167398
167436
167400
167394
167384
167385
167409
167390
167387
167419
167395
167392
167403
167408
167383
167391
167412
167418
167444
167416
167410
167402
167407
168173
167389
167413
168163
167404
167406
167393
168160
168158
168166
167411
168177
168174
168168
168089
168171
167405
168153
167401
168159
168155
168157
167381
168200
168201
167414
168184
168178
168183
168100
168190
168197
168180
168199
168096
168196
168179
168198
168121
168156
168102
168164
168092
168101
168176
168152
168154
168287
168191
168128
168151
168099
168098
168284
168149
168123
168281
168139
167767
168137
168093
168290
168145
168282
168104
168141
168276
168136
168143
168103
168280
168106
168105
168109
168208
168081
168133
168150
168146
168126
168279
168289
168206
168129
168142
168278
168283
168080
168221
168185
168148
168108
168186
168273
168193
168107
168291
168260
168110
168288
168187
168162
168188
168161
168294
168262
168242
168088
168271
168274
168272
168235
168231
168275
168209
168250
167853
167871
168246
168261
168239
167869
168207
168219
167856
168254
167863
168233
167855
168252
167862
168258
167858
167888
168090
168245
168240
167852
167951
168213
168210
168211
167874
167950
167836
167944
168237
167872
167861
167937
167921
168244
167854
168212
168253
167806
168232
167920
167940
167907
167776
167857
167837
168238
167793
167890
167889
167779
167860
167915
167778
167802
167823
167775
167771
167790
167786
167774
167772
167859
167831
167804
167805
167828
167820
167824
167829
167916
167813
167827
167777
167812
167952
168063
167811
167470
168064
167810
168053
167956
167807
168065
168056
168085
168059
168057
167792
168076
168066
168068
168086
168077
168079
168083
168067
168048
167982
168060
168074
168084
168075
168049
168020
168087
168046
167978
168027
168073
168055
168015
168054
168011
168072
168078
167515
167965
167971
167953
168028
168030
168029
167980
168041
168051
168010
168044
168036
168035
168047
168037
168069
168052
168039
168042
168033
166455
167179
168045
168040
166456
166387
168034
166383
166390
168032
166466
166454
168006
166412
166472
166453
168031
166464
166480
166473
166436
166385
166474
166479
166465
166471
166314
166388
166470
166404
166476
166341
166469
166333
166477
166475
166468
166340
166478
166481
166382
166617
166384
166345
166467
166334
166380
166354
166337
166378
166352
166233
166156
166362
166357
166356
166567
166600
166347
166346
166585
166350
166184
166358
166381
166597
166593
166483
166363
166558
166595
166222
166594
166376
166596
166584
166613
166581
166538
166608
166599
166559
166539
166615
166458
166375
166602
166609
166610
166540
166533
166607
166612
166606
166611
166463
166598
166516
166510
166605
166603
166496
166493
166601
166515
166518
166488
166486
166604
166487
166186
166490
166152
166521
166908
166522
166520
166162
166489
166173
166171
168202
166054
166174
166165
166212
166158
166207
166175
166265
166181
166221
166205
166137
166276
166264
166172
166180
166266
166036
166261
166179
166219
166269
166178
166155
166138
166166
166035
166125
166293
166160
166260
166268
166263
166183
166287
166033
166182
166245
167042
166238
167038
166241
166242
167041
167054
167035
166255
167039
166963
167043
167046
167059
166229
167044
166250
167045
167063
167031
167023
167062
166964
167049
167026
167032
167037
166969
167050
167061
166966
167058
166990
167027
166994
166991
166995
167022
166976
166974
166973
167056
166988
167003
166982
166979
167007
166616
167013
167019
166998
167002
167005
167001
167017
166993
166978
166975
166972
167004
167067
167069
167008
167010
167016
166980
166992
167178
167151
167165
167150
166977
167156
167168
167009
167143
167166
167158
167145
167155
167157
167141
167147
167152
167142
167164
167175
167154
167169
167078
167160
167161
167177
167148
167162
166983
167146
167138
167176
167072
167089
167163
167083
167077
167144
167088
167140
167092
167076
167084
167153
166913
167080
167071
167075
167113
167159
167149
167091
167136
167082
167093
167112
166663
167068
167114
167116
167137
167103
167087
167100
166683
167139
167135
167115
167102
167134
166738
166669
166692
167104
166706
166690
166662
167101
166688
166668
166656
166714
166719
166670
166711
166658
166655
166705
166968
166704
166653
166716
166621
166652
166710
166720
166721
166622
166715
166623
166625
166628
166657
166717
166635
166629
166643
166648
166649
166627
166626
166646
166712
166650
166638
166654
166633
166641
166647
166637
166642
166630
166718
166741
166855
166899
166819
166892
166636
166910
166857
166863
166891
166645
166639
166818
166847
166757
166854
166859
166850
166845
166764
166846
166866
166894
166820
166897
166902
166900
166896
166893
166760
166895
166815
166901
166903
166758
166773
166762
166020
166759
166743
166768
166763
166761
166769
166805
166774
166767
166814
166766
166778
166810
169290
166809
166777
166808
166776
166813
166816
166781
166780
169879
169868
169867
169880
166775
169888
166811
169892
169668
169678
169669
169890
169696
169698
169693
169692
169697
169859
169860
169701
169449
169863
169861
169699
169700
169894
169856
169793
169791
169799
169792
169898
169801
169805
169911
169788
169910
169795
169808
169900
169800
169913
169813
169790
169633
166905
166848
169895
169806
169908
166856
169785
166906
169784
166898
169909
169445
169786
169430
169438
169787
166817
166807
169439
166765
169478
169451
169413
169446
166770
169491
169883
169875
169497
169882
169490
169311
169494
168203
169695
169496
169851
169501
169316
169324
169302
169650
169358
169313
169853
169318
169325
169416
169314
169312
169360
169317
169320
169362
169361
169383
169349
169372
169366
169864
169376
169359
169363
169385
169508
169603
169606
169381
169612
169505
169604
169357
169605
169620
169607
169621
169857
169626
169571
169574
169569
169619
169794
169613
169624
169618
169610
169602
169568
169617
169540
169611
169816
169570
169535
169436
169536
169632
169549
169548
169635
169545
169554
169809
162887
169435
169555
169525
169566
162952
169552
169542
169565
169627
169899
169902
169567
162888
162881
162882
162904
169551
162897
162895
169905
162893
162910
169810
162894
162905
162911
162899
162789
162784
162889
162922
162923
162780
169814
162796
162854
162896
162901
162791
162927
162816
162788
162867
162817
162841
162920
169941
169926
162886
162953
162931
162863
162914
162800
162786
163026
162872
169783
162873
162874
163140
163057
163056
163051
169936
163148
169953
163058
162900
163142
162779
162965
163138
163144
163023
162962
163150
162795
163139
163009
162799
163147
163049
163000
162969
162966
162852
162853
162990
162997
162998
162968
163012
169850
162983
169845
162762
163141
162994
162993
162991
162996
162992
162484
162977
169869
162528
162521
162518
169840
162777
162999
169818
169459
169828
162995
169819
162492
169822
162728
162491
169834
169830
162695
169839
162515
162718
162717
169823
163008
162727
169838
162499
162699
162493
162743
162725
162733
162556
168528
168506
168550
163004
168510
168511
162921
168061
168512
168527
162688
168514
168553
168062
162851
168517
168516
168515
168518
168519
168522
168520
168524
163059
168071
163151
168551
168521
168583
168594
168585
168584
168591
162988
168601
168586
168590
168593
168587
168589
168588
168600
168595
168580
168581
168606
168607
168602
162989
168599
169849
168605
169848
168608
168592
168603
168559
168558
168566
169958
169843
162548
168555
168557
168556
168554
168582
168561
168563
168502
169824
169842
168562
168560
169288
168574
169821
169476
169827
169870
169820
162488
169825
168568
168578
168575
168579
168577
168432
168449
168564
168428
168439
168436
162542
168437
162693
168425
162719
168435
168429
168431
168440
162729
168433
168427
162690
168445
162730
168406
168434
168204
162732
162731
168504
168205
168263
168441
168351
168444
168332
168446
168447
168355
168350
168337
168333
168335
168348
168450
162735
168336
168373
168359
168356
162558
162760
168438
168383
168399
168376
168381
168372
162557
168375
168480
168448
168490
168424
168479
168398
168491
168484
168496
168487
168477
168482
168349
168493
168483
162625
168489
168486
168488
162631
168494
162559
162578
168497
168492
168476
168500
168461
168452
168464
168455
168460
168457
168552
162630
162590
162581
168498
168501
168471
168499
168454
168470
168451
168453
168473
168467
168458
168468
168849
168469
168466
168478
168462
168569
168852
168465
168463
168854
168855
168853
168610
168864
168865
168857
168472
168456
168867
168475
168768
168860
168726
168729
168856
168873
168730
168830
168880
168862
168879
168858
168877
168731
168866
168727
168781
168738
168733
168778
168881
168732
168736
168735
168737
168884
168567
168509
168831
168769
168811
168767
168766
168739
168827
168829
169248
169253
169250
168814
169243
168882
168189
168936
168906
169252
168934
169285
169242
169240
168828
169251
169247
169245
169241
168933
169246
168901
169284
169254
168613
168619
168616
169256
169255
168617
168614
168633
168630
169257
168647
168621
168612
168648
168611
168629
168618
168705
168715
168622
168615
168627
168646
168626
168700
168636
168859
168709
168623
168625
168725
168711
168861
168704
168637
168721
168716
168699
168632
168676
168719
168718
168698
168899
168722
168887
168885
168888
168895
168670
168695
168892
168890
168681
168672
168889
168680
168686
164162
164152
168694
168894
164188
164153
164196
164155
164190
164178
164150
164189
164218
163940
164191
164147
164174
163992
164193
164223
164199
164224
164131
164198
163990
164208
163971
164181
163947
164194
163936
163976
163939
164197
163933
163945
163917
164225
163973
163938
164209
163972
164167
163944
164311
163926
163922
163918
163943
163942
163925
164047
163937
164028
163923
163935
163930
163989
163932
163934
164022
163928
163921
163941
163948
163920
164045
164030
163984
164035
164036
163924
164024
164098
164020
164112
163929
163991
164087
163996
164038
163919
164083
163987
164000
163997
164067
163994
163999
164111
164015
164021
163931
164340
164018
164002
164342
163993
164338
164320
164349
164318
164017
163995
164330
164336
164337
164333
164319
164335
163998
164331
164322
164325
164316
164372
164317
164379
164343
164341
164374
164380
164382
164344
164383
164371
164356
164332
164315
163443
164351
163916
164359
164357
164378
164368
164355
164324
164363
164348
164328
164360
164327
164364
164321
164365
164377
164312
164367
164375
164381
164329
164326
164352
164259
164254
164366
164258
164265
164354
164264
164261
164362
164353
164268
164262
164358
164257
164269
164267
164314
164266
164231
164232
164237
164260
164271
164270
164233
164263
164229
164275
164230
164256
164246
164250
164297
164274
164234
164252
164299
164253
164255
164302
164304
164301
164295
164272
164251
164291
164305
163371
164277
164278
164296
164235
164249
164283
164279
164227
164294
164306
164300
164308
164282
164287
164303
164310
164307
164284
164280
164276
164288
164236
164290
164292
164286
163390
163381
163339
163380
164289
163383
163368
163366
163370
163378
163373
163344
163369
164281
163360
164293
163342
163353
163377
164285
163345
163343
163361
163446
163389
163348
163349
163436
163359
163362
163341
163351
163347
163433
163429
163431
163428
163357
163430
163350
163415
163437
163439
163425
163396
163441
163421
163435
163358
163440
163411
163414
163432
163427
163412
163420
163438
163434
163424
163413
163418
163445
163426
163423
163419
163422
163094
163104
163337
163110
163410
163416
163417
163097
163115
163092
163085
163098
163096
163400
163071
163103
163117
163442
164384
163120
163116
163123
163093
163077
163129
163275
163078
163074
163069
163276
163073
163266
163340
163082
163259
163086
163121
163102
163075
163072
163087
163152
163261
163064
163294
163265
163302
163079
163324
163065
163304
163210
163169
163335
163174
163158
163232
163260
163217
163196
163293
163229
163137
163321
163155
163061
163154
163157
163160
163130
163274
163706
163206
163444
163732
163715
163729
163204
163775
163205
163731
163756
163209
163766
163770
163730
163821
163710
163447
163763
163179
163708
163764
163697
163696
163707
163757
163699
163727
163709
163765
163803
163689
163904
163695
163767
163698
163903
163897
163900
163711
163812
163907
163705
163843
163721
163712
163758
163700
163909
163911
163906
163881
163908
163823
163902
163827
163878
163910
163901
163882
163704
163913
163905
163879
163828
163877
163524
163822
163824
163522
163867
163912
163511
163687
163523
163535
163914
163880
163554
163864
163858
163534
163871
163566
163856
163555
163478
163448
163492
163527
163549
163449
163483
163465
163536
163886
163857
163480
163690
163541
163454
163855
163525
163466
163510
163526
163467
166535
163453
166529
163633
163484
163470
163508
166536
163651
163574
163482
163491
163634
169338
163451
166484
166534
166528
166506
166530
166428
169382
166197
166519
166203
166313
166531
166527
166457
166218
166193
169339
166524
166210
166199
166525
166196
166462
166200
166526
166192
166315
166213
166201
166189
166198
166191
166351
166188
166214
166216
166194
166190
166215
166217
166163
166624
166631
166737
166202
166195
166209
166204
166620
168908
166211
169789
168896
166619
166632
169804
168909
168883
168930
166640
168935
168913
168641
166634
168903
166644
168643
168914
168910
168907
168915
168667
168640
168638
168661
168645
168897
168911
168649
168669
168656
168644
168655
168654
168642
168660
168635
168659
163365
168932
164019
163363
168652
163367
164346
164309
168639
163364
164313
164006
168763
164323
163292
163678
74516
77393
163632
163576
168391
163631
163564
73661
163635
163680
70823
163915
162883
163681
163643
163608
163603
72922
163675
168970
163248
163644
163590
163630
163682
163642
163599
163656
167313
163575
163679
169121
71792
167316
163624
163587
77754
163645
163615
163607
163609
168969
163625
163639
163015
163598
163613
168365
168367
167959
167243
167422
167086
168368
168728
168708
169939
169928
167929
167924
167928
167571
167208
167784
169675
167317
168571
166936
169676
168734
167785
168741
167783
169679
167442
162756
167927
167209
167781
167926
167782
167207
162740
166934
162757
166933
162665
167922
166937
162749
167925
166965
162579
162486
169672
162577
162569
162494
162582
162597
162583
162593
162595
162580
162613
162594
162519
162575
169873
162501
162612
162546
162538
162533
162601
162537
162598
162554
162562
162574
162560
169486
162600
162563
162547
162551
162540
162552
162614
162544
169485
162571
162497
162549
169418
165181
165172
165169
165162
165184
165160
165188
165182
165158
165157
165175
165180
165195
165763
165179
165780
165758
165764
165187
165190
165757
165178
165176
165731
165761
165155
165171
165183
165777
165756
165174
165177
165784
165831
165759
165842
165159
165752
165834
165781
165755
165832
164839
165836
165760
165855
165840
164852
164702
164827
164842
164811
164828
164801
164848
164845
164796
164846
164789
164854
164832
164838
164786
164797
164787
164850
164799
165068
164791
164798
164803
164857
164804
164859
164790
164817
164819
164813
164849
164793
164808
164821
164818
164792
164805
164802
164800
164816
164810
167547
164781
164795
164820
164809
166281
164822
166177
166284
166272
166278
166267
166279
166283
166280
166176
166237
166289
166235
166294
166277
166232
166239
166259
166224
166285
166282
166240
166228
166247
166227
166234
166256
166618
166223
166254
166225
166275
166226
166248
166230
166220
166236
166246
166244
166231
166251
166257
166252
166253
163025
166243
169544
162967
162516
169817
162712
162573
162624
168530
162723
162724
169815
162694
162651
162655
162570
162656
162567
162659
162689
162654
168529
168534
168542
168539
168532
168543
168536
168533
168537
168526
168546
162564
168541
168535
168545
168525
168544
168547
168549
168540
162609
168508
169077
168513
168548
168609
168538
168507
168620
168503
164166
168703
168505
164160
168631
168693
168628
164126
168701
164165
164128
164156
164154
164207
164123
164116
164125
164164
164219
164142
164163
164122
164159
164114
164158
164101
164148
164113
164221
164212
164161
164220
164217
164146
164115
164205
164157
164214
164215
164213
164124
164211
164169
164222
164210
166947
167305
169167
167330
166938
166942
166949
169164
166878
166497
169172
167322
167324
169177
167326
169165
166943
169173
166939
167327
166881
166944
166941
167323
166945
166940
167312
169168
166955
166952
169156
166946
167308
167315
166951
169174
166877
166880
166954
166948
166876
166953
166890
169170
