161630
161628
161624
156909
156910
160465
161539
156520
160716
162038
162224
160668
160653
160663
160878
160917
160888
154647
160872
155605
157424
155607
160044
160692
160564
156601
154674
154582
157414
157431
158470
158485
158482
154625
158813
156942
160322
154348
154347
158652
158423
158653
158892
154699
154702
154703
158419
158489
157922
158496
158498
158404
157606
159005
157711
158427
157674
157553
154972
159035
158884
159444
158929
159037
158945
158951
155125
155070
158480
159063
157422
159283
157699
159261
159111
160534
157550
159137
159213
159130
159065
159209
159126
159133
159212
159080
159083
159116
159131
160454
160511
157812
160435
158329
160662
160437
157488
160670
160626
160708
160457
160621
160627
160436
157294
158330
157614
157616
157969
157365
160615
160463
157538
160616
160617
157325
159399
157887
157839
157646
158148
157794
158205
157796
157834
161235
161233
159443
159439
159449
159298
159442
157318
157310
158017
158018
159406
160284
161037
160812
161038
161036
157457
160754
159456
157301
161209
161206
161226
161225
161224
161220
161210
162234
157266
159807
162366
162256
162250
162297
162024
160751
160067
159964
160103
161465
161967
161968
162361
160066
162380
162469
162466
162476
161275
162473
162415
159535
159696
159547
162315
159879
162196
162081
161433
159915
159642
162334
161443
159652
162182
162396
161328
159529
159617
161437
159491
159583
162311
159366
161298
162128
160147
162133
162374
161288
159914
159910
161331
161875
161348
161888
162090
162200
161431
159815
159813
154697
154623
154700
154693
154701
161916
161367
161410
161563
161684
161666
154694
161856
159690
155115
161893
155079
161906
161692
161914
154657
161651
161775
161504
154688
154587
161511
154428
154791
154430
155175
154452
156374
161660
156666
156346
156345
155235
156421
156343
155402
155310
154445
154356
156458
156465
156466
156412
156425
154718
155384
154734
156478
154716
156407
157017
154522
154512
156684
154815
155368
155295
154719
154961
156639
154505
155355
154899
156542
157209
157213
157240
157179
157197
157145
155557
157188
161849
162426
155487
155489
155484
155490
155549
155551
155540
155574
155575
155573
155778
155759
155576
155763
155707
155780
155766
155714
155712
155709
155715
155704
155708
156087
156056
156159
155747
155946
156169
156140
156112
156046
156083
156070
155751
155987
155989
156095
157836
154910
155126
159093
157835
158874
160330
157952
157647
158591
158677
159988
158841
159687
161039
154698
154707
157636
158672
159450
157635
159554
160508
156018
157902
160519
157541
158479
158875
157838
157787
158598
156674
158839
158857
158476
158583
158617
158864
159698
154728
162424
155389
162421
154357
154725
157047
157044
155873
