160072
159984
159985
159986
159990
160028
159866
160092
160093
160026
159983
159982
159590
159325
159865
159864
160094
159326
161653
159357
159867
161652
159324
154426
162220
161704
161703
161702
161672
161671
161484
161654
160271
161389
161387
161291
160980
160340
160339
160303
160273
160272
161655
154850
157208
157157
156909
156893
156008
155192
155133
155071
157397
154932
154427
154788
154627
154626
154527
154425
154423
154517
159323
155029
158821
157660
154424
159267
159268
159150
159273
158826
158825
158824
158822
158820
158819
159344
159345
159346
159347
159628
159629
159630
159631
158779
158662
158629
160942
158631
159632
158635
158636
158637
158638
158639
158640
158641
158634
158661
158766
158663
158664
158754
158755
158756
158757
158758
158759
158760
158761
158762
158763
158642
160961
160940
160947
160948
160951
160952
160953
160954
160955
160956
160957
160958
160945
160960
160944
160962
160963
160964
160965
160967
160968
160969
160970
160971
160972
162454
160959
158628
160910
160911
160912
160913
160914
160916
160917
160918
160919
160920
160921
160946
160922
159633
160923
160924
160925
160926
160927
160936
160937
160938
160939
160941
160943
157951
157953
157851
157855
157857
157858
157860
157861
157863
157864
157865
157866
158079
157950
157848
157955
157956
157957
158071
158072
158073
158074
158075
158076
158077
158078
157867
157779
158627
157954
155086
155207
156726
156990
157207
157742
157760
157761
157762
157850
157764
157849
157786
157824
157825
157826
157827
157828
157844
157845
157846
157847
157856
157763
158607
158107
158108
158109
158110
158111
158112
158114
158115
158116
158117
158118
158106
158606
158623
158608
158609
158610
158611
158612
158613
158614
158622
158080
158624
157853
158626
158605
158083
158625
158105
158082
158084
158085
158086
158087
158088
158089
158090
158091
158092
158093
158101
158081
158104
158094
158102
158100
158099
158098
158097
158096
158095
158103
155663
155642
155655
155656
155657
155658
155659
155660
155662
155648
155664
155661
155654
155653
155652
155651
155649
155647
155646
155645
155644
155665
155643
159154
155650
159153
155640
155639
161725
161724
161723
161722
161721
161720
161719
160480
159152
159437
155666
159151
158828
158399
158377
157405
157132
157131
155669
155668
155667
159438
155146
155613
155612
155611
155610
155609
155608
155607
155606
155605
155604
155614
155147
155603
155145
155144
155143
155142
155141
155140
155139
154857
154511
155641
155602
155630
155638
155148
155615
155636
155635
155634
155633
155631
155637
155629
155628
155627
155618
155616
155632
159603
159604
161851
159606
161078
160487
160488
160489
160490
160491
160492
160465
160494
160979
160496
160497
160498
160499
160500
160501
160502
160503
160504
160505
160506
160973
160493
162039
161849
161992
162050
161993
161994
161995
161996
161997
161998
161999
162000
161854
162002
161853
162040
162041
162042
162043
162044
162045
162046
162047
162048
162049
159602
162001
161834
161668
161673
161737
161814
161815
161826
161827
161828
161829
161830
161831
161991
161833
161292
161835
161836
161843
161844
161845
161846
161847
161848
161850
157063
161852
161832
157520
158676
157189
157190
157191
157192
157512
157513
157514
157065
157516
159601
157071
157519
157070
157521
157522
157523
157876
157877
157904
157979
157987
158320
158321
158322
157518
157056
154384
154575
154598
154826
154827
154828
154879
154962
155020
156514
156515
157188
156779
157517
157057
157058
157059
157060
157061
157062
157064
157066
157067
157068
157069
156735
159272
159248
159249
159250
159251
159252
159253
159254
159255
159256
159257
159258
159247
159260
159275
159215
159302
157515
159328
159365
159595
159596
159597
159598
159599
159600
159259
159221
159327
159246
159216
159217
159218
159220
159222
159223
159224
159225
159226
159227
159241
159245
159219
159228
159243
159242
157425
157528
157540
157587
156009
161637
161598
161626
161627
161628
161629
161630
161631
161632
161633
161624
161635
161623
161638
161639
161640
161641
161642
161643
161644
161645
161646
161647
161634
161612
161599
161600
161601
161602
161603
161604
161605
161607
161609
161625
161611
161650
161613
161614
161615
161616
161617
161618
161619
161620
161621
161622
161610
162016
161825
161837
161838
161839
161840
161841
161842
162012
162013
161648
162015
161822
162017
162018
162019
162037
162038
162051
162052
162053
162136
159334
162014
161789
161606
161762
161763
161764
161777
161778
161779
161780
161781
161782
161824
161788
161823
161790
161791
161792
161816
161817
161818
161819
161820
161821
161649
161783
160659
160681
160640
160641
160642
160648
160649
160650
160652
160653
160656
160638
160658
160637
160663
161608
160665
161597
160667
160668
160677
160678
160679
160680
160657
160565
160002
160033
160037
160040
160042
160043
160044
160046
160047
160427
160639
160564
160666
160566
160567
160623
160624
160629
160632
160633
160634
160635
160636
160444
161586
161575
161576
161577
161578
161579
161580
161581
160682
161583
161574
161585
161582
161587
161588
161589
161590
161591
161592
161593
161594
161595
161596
160664
160687
160683
160684
161584
160686
161573
160688
160689
160690
160697
160698
160699
160707
160685
160700
161401
160726
160706
160705
160704
160703
160702
160701
161187
162152
160086
161231
160100
160083
160110
160112
160118
160274
161236
161742
161746
161747
161748
161752
162221
156998
159857
157924
157923
157922
157921
157920
157919
157918
157917
160058
157081
157091
157090
157089
157088
157087
157086
157085
157092
157912
157084
157080
157079
157078
157077
156593
155191
157111
157083
157101
157093
157108
157107
157106
157105
157104
157082
160872
160873
160868
159677
160896
160874
159359
159360
159361
159362
159947
159676
160087
159678
159679
159685
159946
159949
160013
160082
159569
160902
159174
160895
157984
160897
160898
160899
160894
160901
160891
160903
160904
160905
161005
161007
162453
160900
160884
160876
160877
160878
160879
160880
160881
160893
160883
160892
160885
160886
160887
160888
160889
160890
160875
160882
156586
155119
158070
155232
159171
156120
156121
156834
156585
155064
156587
156588
156589
156601
156739
156740
156122
154687
154373
154374
154375
154675
154676
154677
155072
154680
155065
154845
154977
155060
155061
155062
155063
156004
154678
157802
157601
157608
157609
157768
157798
157799
157600
157801
158335
157989
156882
158570
155231
159169
159170
157800
156921
156887
157599
156920
156922
156923
156924
156966
157511
157173
157174
157598
157175
157473
157532
156917
157073
160299
159424
159615
158160
159612
159858
162054
159206
158653
158573
159860
160402
158159
158652
159863
159868
159869
159870
159871
160126
160129
158066
160401
160466
160467
161793
161798
155150
160131
155089
158055
154415
154483
154605
154660
154661
154667
154668
154762
154763
154849
155088
156520
155090
155149
155566
156968
157032
157413
157414
157568
157661
157832
158053
158054
155087
157717
158813
159663
159662
159661
159664
159436
157718
157723
157722
157721
157720
157719
159660
157467
157464
161072
160429
160428
157468
157465
157466
157463
156996
156995
156994
158351
158358
158357
158356
158355
158354
158359
158352
158679
158350
158349
158353
158371
158678
158302
159427
159434
159428
159432
159429
159430
159431
157628
158372
158290
161799
159444
157626
157627
157625
157629
157726
157727
157728
157724
158289
158301
158291
158292
158293
158294
158295
158296
158297
158298
158299
158300
158288
161151
161750
160346
160405
160449
160450
161146
161147
161148
157567
160337
161150
160326
161152
161153
161183
161539
161670
161674
161736
161756
161855
154500
161149
160315
159446
159447
159448
159549
159551
159552
159561
159994
160119
160338
160314
159445
160316
160317
160318
160319
160320
160321
160322
160323
160324
160325
160313
156732
156978
155595
155596
155597
155598
155599
155600
155675
156114
154987
156563
154986
156798
156799
156804
156910
156971
156972
156973
156975
156976
156977
156558
154497
157566
154502
154386
154387
154411
154448
154449
154476
154494
154990
154496
154669
154498
154499
154501
154699
154802
154803
154804
154880
154928
154983
154495
157440
157428
157429
157430
157431
157432
157433
157434
157435
157436
157427
157438
157439
159314
159318
159313
159311
159310
159319
159205
159386
159309
159307
159271
159312
159383
159391
159390
158384
159203
159389
159388
159384
159385
159320
159382
159381
159380
159379
159322
159321
159387
158379
158404
158388
158044
158385
158383
158382
158386
158380
158569
158370
158068
158067
158065
159392
161695
158381
158794
159147
159100
159094
158801
158800
158799
158547
158797
158568
158742
158741
158740
158739
158654
158615
159202
158798
161027
161707
161705
160691
161032
157998
161030
161028
162156
161026
161010
160995
160994
160993
160837
161029
162227
162371
162370
162369
162368
162367
162313
161712
162231
161729
162224
162222
162170
162169
162157
160834
162233
159626
160836
160267
160265
160220
160152
160134
160269
159993
160270
159588
159587
159586
159585
159528
159425
160080
160826
159422
160833
160832
160831
160830
160829
160268
160827
160835
160825
160695
160694
160692
160392
160302
160828
156572
156721
156579
156577
156576
156575
156940
156573
156773
156571
156570
156568
156567
156003
155264
156574
156873
156939
156938
156937
156936
156935
156934
156771
156897
156772
156840
156808
156807
156784
156774
155159
156933
154469
155263
154689
154673
154625
154582
154553
154782
154545
154915
154414
154412
154388
154369
160693
157986
154546
155022
156596
155102
155101
155098
155095
155084
154777
155031
155189
155005
155000
154992
154970
154951
154925
155070
157622
157737
157736
157735
157734
157670
157669
157475
157631
156941
157620
157570
157569
157478
157477
157476
157638
157829
157964
157938
157937
157936
157935
157934
157738
157932
157739
157822
157816
157789
157788
156578
157741
157740
157933
156946
156956
156955
156954
156953
156952
156951
156957
156947
156950
156945
156944
157424
157750
156943
156942
156949
157045
157376
156948
157377
156958
157412
157346
157046
157351
156964
156963
156962
156961
156960
156959
157120
156825
156826
156751
156848
156806
156866
156803
156783
156746
156603
156527
156526
156524
156523
156487
156915
160376
155592
155672
156525
158308
155582
157757
162410
160978
160716
160630
159980
159623
159876
159364
157126
158123
157999
157840
157502
157291
157206
157181
157142
159564
154419
154702
154691
154674
154670
154647
154583
154554
154529
154742
154486
154488
154405
154404
154372
154368
154366
154349
157997
155193
154521
155004
155167
154472
154746
155168
155164
155127
155111
155015
154985
154979
154909
154750
154776
155109
154855
154931
154938
154943
154949
154967
154917
154877
154950
154885
154889
154890
154908
154910
154916
154887
154923
154926
154927
154929
154934
154937
154939
154941
154945
154963
154871
154743
154942
154796
154740
154741
155055
154744
154964
154751
154781
154783
154785
154745
154795
154859
154807
154808
154809
154810
154823
154833
154851
154852
154858
154787
155123
155050
155083
155093
155094
155096
155099
155104
155112
155116
155073
155122
155066
155124
155125
155126
155128
155129
155131
155136
155137
155138
155153
155118
155006
154966
154969
154972
154976
154982
154984
154989
154993
154995
155074
155001
154965
155007
155009
155013
155027
155046
154739
155054
154649
155056
155057
154996
154463
154421
154422
154429
154432
154433
154434
154438
154447
154458
154509
154461
154407
154468
154471
154478
154479
154484
154485
154493
154503
154663
154459
154376
155157
154345
154347
154348
154350
154353
154354
154355
154367
154413
154371
154409
154379
154380
154382
154383
154390
154394
154397
154400
154403
154510
154370
154698
154645
154648
154651
154664
154666
154671
154679
154681
154682
154508
154692
154622
154703
154707
154708
154709
154710
154713
154715
154728
154730
154690
154552
154515
154518
154520
154528
154530
154531
154532
154533
154535
154640
154537
154628
154556
154566
154569
154572
154581
154602
154612
154613
154614
154731
154536
159201
159355
159146
159148
159149
159155
159177
159178
159102
159184
159099
159204
159265
159305
159306
159330
159332
159880
159181
159054
158753
158793
158812
158841
158845
159050
159051
159103
159053
159356
159055
159068
159069
159091
159093
159095
159097
159052
159625
159333
159554
159555
159558
159560
159563
159567
159550
159594
159548
159641
159653
159671
159687
159758
159859
157836
159581
159441
159358
159373
159374
159375
159377
159415
159416
159553
159435
158732
159450
159451
159455
159527
159531
159545
159546
159426
158305
158737
158045
158069
158113
158122
158124
158125
158001
158304
157992
158306
158307
158314
158315
158316
158317
158331
158303
157930
157837
157838
157869
157870
157871
157879
157902
158043
157929
158346
157931
157945
157946
157948
157952
157959
157983
157928
158702
158657
158658
158659
158665
158669
158671
158672
158334
158674
158648
158703
158704
158705
158716
158717
158730
159882
158673
158407
158733
158360
158361
158364
158367
158378
158387
158656
158406
158655
158408
158456
158464
158596
158597
158616
158645
158337
158403
161006
161039
160977
160981
160996
160997
161000
161001
160975
161004
160974
161009
161011
161014
161015
161016
161018
159878
161003
160929
160727
160728
160745
160863
160907
160908
160909
160976
160928
161054
160930
160931
160933
160935
160949
160950
160966
160915
162033
161019
161732
161735
161754
161755
161794
161801
161728
162005
161727
162036
162076
162142
162183
162207
162456
155158
161802
161337
161055
161056
161057
161058
161070
161079
161080
161731
161282
160722
161345
161346
161388
161483
161656
161708
161716
161105
160294
160724
160101
160144
160153
160174
160248
160289
160081
160293
160078
160295
160296
160298
160327
160330
160344
160345
160291
159995
159937
159953
159957
159961
159973
159981
159987
160085
159989
160391
160007
160018
160020
160030
160031
160034
160076
159988
160713
160544
160545
160546
160622
160628
160647
160654
160351
160696
160528
160714
160715
160718
160719
160720
160721
159933
160655
160461
160723
160393
160395
160396
160398
160403
160409
160543
160430
160532
160471
160473
160476
160481
160508
160515
160519
160390
160410
156764
156797
156742
156743
156744
156748
156752
156753
156736
156758
156730
156766
156778
156781
156785
156786
156790
156895
156754
156619
156604
156608
156610
156611
156612
156613
156615
156738
156617
156800
156620
156625
156642
156673
156674
156722
156724
156616
156878
156795
156856
156857
156862
156863
156864
156865
156854
156872
156851
156880
156883
156884
156885
156886
156888
156889
156867
156823
156801
156802
156805
156813
156815
156816
156819
156855
156821
156594
156830
156839
156844
156846
156847
156849
156850
156820
155455
156599
155251
155252
155265
155292
155294
155452
155248
155454
155246
155456
155565
155579
155588
155593
155601
155671
155453
155205
159948
157835
155161
155166
155180
155188
155202
155250
155204
155697
155206
155209
155214
155226
155227
155228
155234
155203
156560
156494
156495
156500
156518
156521
156522
156528
155674
156559
156488
156569
156580
156581
156582
156583
156590
156607
156534
156019
156595
155896
156001
156005
156012
156014
156015
156493
156018
156490
156250
156253
156256
156258
156261
156270
156484
155677
156017
157580
157556
157557
157558
157559
157572
157573
157575
157415
157579
157541
157581
157582
157583
157584
157586
157594
157595
157576
157456
157417
157444
157445
157447
157450
157451
157452
157555
157455
157554
157459
157461
157474
157482
157507
157529
157531
157605
157453
157803
157597
157781
157782
157783
157784
157787
157790
157776
157793
157775
157811
157813
157814
157821
156896
157830
156602
157833
157791
157671
157823
157621
157623
157624
157635
157636
157647
157777
157667
157602
157695
157705
157725
157730
157746
157758
157759
157765
157648
157143
157178
157031
157121
157127
157134
157136
157137
157029
157139
157028
157144
157150
157153
157158
157159
157172
157176
157138
156969
156899
156905
156912
156913
156914
156926
156928
157030
156932
156900
156993
157020
157022
157023
157024
158701
158700
158699
158698
158697
158696
158707
158694
158708
158686
158685
158683
158682
158681
158680
158729
158695
158719
158580
158727
158726
158725
158724
158723
158722
158706
158720
158670
158715
158714
158713
158712
158711
158710
158709
158721
158588
158677
158598
158595
158594
158593
158592
158591
158600
158589
158601
158587
158586
158585
158584
158583
158582
158417
158590
158621
158667
158660
158651
158650
158649
158647
158646
158599
158632
158731
158620
158619
158618
158617
158604
158603
158602
158633
158847
158837
158855
158854
158853
158852
158851
158850
158857
158848
158858
158846
158844
158843
158842
158840
158839
158728
158849
158866
158875
158874
158873
158872
158871
158870
158869
158856
158867
158836
158865
158864
158863
158862
158861
158860
158859
158868
158784
158838
158792
158791
158790
158789
158788
158787
158796
158785
158802
158783
158782
158765
158764
158736
158735
158734
158786
158810
158835
158834
158833
158832
158831
158830
158829
158795
158814
158579
158809
158808
158807
158806
158805
158804
158803
158827
158468
158459
158476
158475
158474
158473
158472
158471
158478
158469
158479
158467
158466
158465
158463
158462
158461
158497
158470
158487
158581
158495
158494
158493
158492
158491
158490
158477
158488
158458
158486
158485
158484
158483
158482
158481
158480
158489
158425
158460
158433
158432
158431
158430
158429
158428
158435
158426
158436
158424
158423
158422
158421
158420
158419
159289
158427
158444
158457
158452
158451
158450
158449
158448
158447
158434
158445
158498
158443
158442
158441
158440
158439
158438
158437
158446
158544
158536
158553
158552
158551
158550
158549
158548
158555
158545
158556
158543
158542
158541
158540
158539
158538
158496
158546
158564
158578
158577
158576
158575
158574
158572
158571
158554
158565
158535
158563
158562
158561
158560
158559
158558
158557
158566
158506
158537
158514
158513
158512
158511
158510
158509
158516
158507
158517
158505
158504
158503
158502
158501
158500
158499
158508
158525
158534
158533
158532
158531
158530
158529
158528
158515
158526
158878
158524
158523
158522
158521
158520
158519
158518
158527
159086
159078
159104
159101
159096
159092
159090
159089
159106
159087
159107
159085
159084
159083
159082
159081
159080
159125
159088
159115
158876
159123
159122
159121
159120
159119
159118
159105
159116
159077
159114
159113
159112
159111
159110
159109
159108
159117
159039
159079
159047
159046
159045
159044
159043
159042
159049
159040
159056
159038
159037
159036
159035
159034
159033
159032
159041
159064
159076
159075
159074
159073
159071
159070
159067
159048
159065
159126
159063
159062
159061
159060
159059
159058
159057
159066
159211
159188
159236
159235
159234
159233
159232
159214
159262
159212
159263
159210
159209
159208
159207
159192
159191
159124
159213
159279
157265
159287
159286
159285
159284
159283
159282
159261
159280
159187
159278
159277
159276
159270
159269
159266
159264
159281
159134
159190
159142
159141
159140
159139
159138
159137
159144
159135
159145
159133
159132
159131
159130
159129
159128
159127
159136
159163
159180
159179
159176
159172
159168
159167
159166
159143
159164
159029
159162
159161
159160
159159
159158
159157
159156
159165
158923
158915
158931
158930
158929
158928
158927
158926
158933
158924
158934
158922
158921
158920
158919
158918
158917
159031
158925
158942
158951
158950
158949
158948
158947
158946
158945
158932
158943
158914
158941
158940
158939
158938
158937
158936
158935
158944
158885
158916
158893
158892
158891
158890
158889
158888
158895
158886
158896
158884
158883
158882
158881
158880
158879
158416
158887
158904
158913
158912
158911
158910
158909
158908
158907
158894
158905
158954
158903
158902
158901
158900
158899
158898
158897
158906
159000
158952
159008
159007
159006
159005
159004
159003
159010
159001
159012
158999
158998
158997
158996
158995
158994
158993
159002
159020
158877
159028
159027
159026
159025
159024
159023
159009
159021
158990
159019
159018
159017
159016
159015
159014
159013
159022
158961
158970
158969
158968
158967
158966
158965
158964
158992
158962
158973
158960
158959
158958
158957
158956
158955
159030
158963
158981
158953
158989
158988
158987
158986
158985
158984
158971
158982
158972
158980
158979
158978
158977
158976
158975
158974
158991
158983
157649
157637
157666
157663
157659
157658
157657
157652
157672
157650
157673
157646
157645
157644
157643
157642
157641
157702
157651
157681
157545
157700
157699
157698
157697
157696
157684
157668
157682
157634
157680
157679
157678
157677
157676
157675
157674
157683
157553
157640
157590
157585
157578
157577
157574
157571
157592
157560
157593
157552
157551
157550
157549
157548
157547
158418
157561
157613
157633
157632
157630
157619
157618
157617
157616
157591
157614
157703
157611
157610
157607
157606
157604
157603
157596
157615
157819
157806
157854
157852
157843
157842
157841
157839
157862
157820
157868
157817
157815
157812
157810
157809
157808
157701
157834
157882
157891
157890
157889
157888
157887
157886
157885
157859
157883
157805
157881
157880
157878
157875
157874
157873
157872
157884
157713
157807
157751
157745
157744
157743
157733
157732
157753
157729
157754
157712
157711
157710
157708
157707
157706
157704
157731
157772
157804
157797
157796
157795
157794
157785
157780
157752
157773
157544
157771
157770
157769
157767
157766
157756
157755
157774
157314
157306
157324
157323
157322
157321
157320
157318
157326
157315
157327
157313
157312
157311
157310
157309
157308
157348
157316
157335
157546
157344
157343
157342
157341
157340
157338
157325
157336
157305
157334
157333
157332
157331
157330
157329
157328
157337
157273
157307
157281
157280
157279
157278
157277
157276
157283
157274
157284
157272
157271
157270
157269
157268
157267
157266
157275
157295
157304
157303
157302
157301
157300
157299
157298
157282
157296
157349
157294
157292
157289
157288
157287
157286
157285
157297
157489
157480
157499
157498
157495
157494
157493
157492
157501
157490
157504
157488
157487
157486
157485
157484
157483
157347
157491
157530
157543
157542
157539
157538
157537
157536
157535
157500
157533
157479
157527
157526
157525
157510
157509
157508
157505
157534
157385
157481
157402
157401
157400
157399
157390
157389
157404
157387
157407
157383
157378
157375
157365
157360
157359
157358
157388
157423
157472
157471
157470
157469
157462
157458
157457
157403
157449
157894
157422
157420
157419
157416
157411
157410
157409
157454
158233
158225
158241
158240
158239
158238
158237
158236
158243
158234
158244
158232
158231
158230
158229
158228
158227
158262
158235
158252
157892
158260
158259
158258
158257
158256
158255
158242
158253
158224
158251
158250
158249
158248
158247
158246
158245
158254
158195
158226
158203
158202
158201
158200
158199
158198
158205
158196
158206
158194
158193
158192
158191
158190
158189
158188
158197
158214
158223
158222
158221
158220
158219
158218
158217
158204
158215
158263
158213
158212
158211
158210
158209
158208
158207
158216
158348
158338
158374
158373
158369
158368
158366
158365
158389
158362
158390
158345
158344
158343
158342
158341
158340
158261
158363
158400
158415
158414
158413
158412
158411
158410
158405
158376
158401
158332
158397
158396
158395
158394
158393
158392
158391
158402
158271
158339
158280
158279
158278
158277
158275
158274
158282
158272
158283
158270
158269
158268
158267
158266
158265
158264
158273
158318
158330
158329
158328
158327
158326
158325
158324
158281
158319
158185
158313
158312
158311
158287
158286
158285
158284
158323
158013
158005
158021
158020
158019
158018
158017
158016
158023
158014
158024
158012
158011
158010
158009
158008
158007
158187
158015
158032
158041
158040
158039
158038
158037
158036
158035
158022
158033
158004
158031
158030
158029
158028
158027
158026
158025
158034
157901
158006
157960
157958
157949
157947
157941
157927
157962
157903
157963
157900
157899
157898
157897
157896
157895
159290
157926
157982
158003
158002
157996
157994
157993
157991
157990
157961
157985
158047
157981
157980
157978
157970
157969
157968
157967
157988
158155
158042
158165
158164
158163
158162
158161
158158
158167
158156
158168
158154
158153
158152
158151
158150
158149
158148
158157
158176
157893
158184
158183
158182
158181
158180
158179
158166
158177
158145
158175
158174
158173
158172
158171
158170
158169
158178
158057
158121
158119
158064
158063
158062
158061
158060
158147
158058
158128
158056
158052
158051
158050
158049
158048
158186
158059
158136
158046
158144
158143
158142
158141
158140
158139
158126
158137
158127
158135
158134
158133
158132
158131
158130
158129
158146
158138
160533
160523
160542
160541
160539
160538
160537
160536
160548
160534
160549
160531
160530
160529
160527
160526
160525
160572
160535
160557
160443
160570
160569
160568
160563
160562
160560
160547
160558
160522
160556
160555
160554
160553
160552
160551
160550
160559
160457
160524
160469
160468
160464
160463
160462
160460
160472
160458
160474
160456
160455
160454
160453
160447
160446
160196
160459
160509
160521
160520
160518
160517
160514
160513
160512
160470
160510
160573
160507
160483
160482
160479
160478
160477
160475
160511
160619
160611
160644
160643
160631
160627
160626
160625
160646
160620
160651
160618
160617
160616
160615
160614
160613
160571
160621
160673
160731
160730
160729
160725
160712
160708
160676
160645
160674
160610
160672
160671
160670
160669
160662
160661
160660
160675
160581
160612
160589
160588
160587
160586
160585
160584
160591
160582
160592
160580
160579
160578
160577
160576
160575
160574
160583
160600
160609
160608
160607
160606
160605
160604
160603
160590
160601
160442
160599
160598
160597
160596
160595
160594
160593
160602
160243
160235
160254
160253
160252
160251
160250
160249
160256
160244
160257
160242
160241
160240
160239
160238
160237
160285
160245
160275
160445
160283
160282
160281
160280
160279
160278
160255
160276
160234
160264
160263
160262
160261
160260
160259
160258
160277
160204
160236
160212
160211
160210
160209
160208
160207
160214
160205
160215
160203
160202
160201
160200
160199
160198
159288
160206
160224
160233
160232
160231
160230
160229
160228
160227
160213
160225
160286
160223
160222
160221
160219
160218
160217
160216
160226
160380
160371
160388
160387
160386
160385
160384
160383
160397
160381
160399
160379
160378
160377
160375
160374
160373
160284
160382
160432
160441
160440
160439
160438
160437
160436
160435
160389
160433
160370
160431
160426
160408
160407
160406
160404
160400
160434
160328
160372
160342
160341
160335
160334
160333
160332
160347
160329
160348
160312
160311
160301
160300
160297
160292
160288
160331
160358
160369
160368
160367
160366
160365
160364
160363
160343
160359
160734
160357
160356
160354
160353
160352
160350
160349
160362
161140
161132
161156
161155
161154
161145
161144
161143
161158
161141
161159
161139
161138
161137
161136
161135
161134
161177
161142
161167
160732
161175
161174
161173
161172
161171
161170
161157
161168
161131
161166
161165
161164
161163
161162
161161
161160
161169
161101
161133
161110
161109
161108
161107
161106
161104
161112
161102
161113
161100
161099
161098
161097
161096
161095
161094
161103
161121
161130
161129
161128
161127
161126
161125
161124
161111
161122
161178
161120
161119
161118
161117
161116
161115
161114
161123
161226
161218
161235
161234
161233
161232
161230
161229
161238
161227
161239
161225
161224
161223
161222
161221
161220
161176
161228
161247
161256
161255
161254
161253
161252
161251
161250
161237
161248
161217
161246
161245
161244
161243
161242
161241
161240
161249
161188
161219
161196
161195
161194
161193
161192
161191
161198
161189
161199
161186
161185
161184
161182
161181
161180
161179
161190
161207
161216
161215
161214
161213
161212
161211
161210
161197
161208
161091
161206
161205
161204
161203
161202
161201
161200
161209
160780
160772
160788
160787
160786
160785
160784
160783
160790
160781
160791
160779
160778
160777
160776
160775
160774
161093
160782
160799
160808
160807
160806
160805
160804
160803
160802
160789
160800
160771
160798
160797
160796
160795
160794
160793
160792
160801
160741
160773
160750
160749
160748
160747
160746
160744
160752
160742
160753
160740
160739
160738
160737
160736
160735
160195
160743
160761
160770
160769
160768
160767
160766
160765
160764
160751
160762
160811
160760
160759
160758
160757
160756
160755
160754
160763
161022
160809
161038
161037
161036
161035
161034
161033
161059
161025
161060
161021
161020
161013
161008
160999
160998
160934
161031
161082
160733
161090
161089
161088
161087
161086
161085
161053
161083
160862
161081
161075
161074
161073
161071
161062
161061
161084
160818
160840
160839
160838
160824
160823
160822
160821
160932
160819
160845
160817
160816
160815
160814
160813
160812
161092
160820
160853
160810
160861
160860
160859
160858
160857
160856
160843
160854
160844
160852
160851
160850
160849
160848
160847
160846
160906
160855
159618
159608
159636
159635
159627
159624
159622
159621
159638
159619
159639
159617
159616
159614
159613
159611
159610
159683
159620
159648
159534
159681
159680
159670
159654
159652
159651
159637
159649
159607
159647
159646
159645
159644
159643
159642
159640
159650
159542
159609
159565
159562
159559
159557
159556
159547
159568
159543
159570
159541
159540
159539
159538
159537
159536
160197
159544
159578
159593
159592
159591
159589
159584
159583
159582
159566
159579
159684
159577
159576
159575
159574
159573
159572
159571
159580
159733
159725
159741
159740
159739
159738
159737
159736
159743
159734
159744
159732
159731
159730
159729
159728
159727
159682
159735
159752
159762
159761
159760
159759
159757
159756
159755
159742
159753
159724
159751
159750
159749
159748
159747
159746
159745
159754
159695
159726
159703
159702
159701
159700
159699
159698
159705
159696
159706
159694
159693
159692
159691
159690
159689
159688
159697
159714
159723
159722
159721
159720
159719
159718
159717
159704
159715
159533
159713
159712
159711
159710
159709
159708
159707
159716
159399
159376
159407
159406
159405
159404
159403
159402
159409
159400
159410
159398
159397
159396
159395
159394
159393
159453
159401
159420
159535
159449
159443
159442
159440
159439
159433
159408
159421
159372
159419
159418
159417
159414
159413
159412
159411
159423
159298
159378
159335
159331
159308
159304
159303
159301
159337
159299
159338
159297
159296
159295
159294
159293
159292
159291
159300
159352
159371
159370
159369
159368
159367
159366
159363
159336
159353
159454
159351
159350
159349
159348
159341
159340
159339
159354
159501
159493
159509
159508
159507
159506
159505
159504
159511
159502
159512
159500
159499
159498
159497
159496
159495
159452
159503
159520
159532
159530
159529
159526
159525
159524
159523
159510
159521
159492
159519
159518
159517
159516
159515
159514
159513
159522
159463
159494
159471
159470
159469
159468
159467
159466
159473
159464
159474
159462
159461
159460
159459
159458
159457
159456
159465
159482
159491
159490
159489
159488
159487
159486
159485
159472
159483
159765
159481
159480
159479
159478
159477
159476
159475
159484
160029
160015
160055
160054
160049
160048
160045
160039
160057
160035
160065
160027
160025
160024
160023
160022
160017
160104
160036
160075
159763
160102
160099
160097
160096
160088
160084
160056
160077
160014
160074
160071
160070
160069
160068
160067
160066
160079
159955
160016
159966
159965
159964
159963
159962
159960
159968
159958
159969
159952
159951
159945
159944
159943
159940
159939
159959
159978
160012
160006
160001
160000
159999
159998
159997
159967
159979
160105
159977
159976
159975
159974
159972
159971
159970
159992
160165
160157
160173
160172
160171
160170
160169
160168
160176
160166
160177
160164
160163
160162
160161
160160
160159
160103
160167
160185
160194
160193
160192
160191
160190
160189
160188
160175
160186
160156
160184
160183
160182
160181
160180
160179
160178
160187
160116
160158
160130
160125
160124
160123
160122
160121
160133
160117
160135
160115
160114
160111
160109
160108
160107
160106
160120
160143
160155
160154
160151
160150
160149
160148
160147
160132
160145
159935
160142
160141
160140
160139
160138
160137
160136
160146
159810
159802
159818
159817
159816
159815
159814
159813
159820
159811
159821
159809
159808
159807
159806
159805
159804
159938
159812
159829
159838
159837
159836
159835
159834
159833
159832
159819
159830
159801
159828
159827
159826
159825
159824
159823
159822
159831
159772
159803
159780
159779
159778
159777
159776
159775
159782
159773
159783
159771
159770
159769
159768
159767
159766
161257
159774
159791
159800
159799
159798
159797
159796
159795
159794
159781
159792
159841
159790
159789
159788
159787
159786
159785
159784
159793
159906
159839
159914
159913
159912
159911
159910
159909
159916
159907
159917
159905
159904
159903
159902
159901
159900
159899
159908
159925
159764
159934
159932
159931
159930
159929
159928
159915
159926
159896
159924
159923
159922
159921
159920
159919
159918
159927
159848
159872
159862
159855
159854
159853
159852
159851
159898
159849
159875
159847
159846
159845
159844
159843
159842
159936
159850
159887
159840
159895
159894
159893
159892
159891
159890
159873
159888
159874
159886
159885
159884
159883
159881
159879
159877
159897
159889
162147
162131
162132
162133
162134
162135
162137
162138
162139
162140
162141
162143
162144
162100
162146
162128
162148
162149
162150
162151
162153
162154
162155
162158
162159
162160
162161
162162
162145
162115
161938
162102
162103
162104
162105
162106
162107
162108
162109
162110
162111
162112
162130
162114
162129
162116
162117
162118
162119
162120
162121
162122
162123
162124
162125
162126
162127
162165
162113
162213
162163
162199
162200
162201
162202
162203
162204
162205
162206
162208
162209
162210
162197
162212
162196
162214
162215
162216
162217
162218
162219
162223
162225
162226
162228
162229
162230
162232
162211
162181
162099
162166
162167
162168
162171
162172
162173
162174
162175
162176
162177
162178
162198
162180
162164
162182
162184
162185
162186
162187
162188
162189
162190
162191
162192
162193
162194
162195
162179
161984
161970
161971
161972
161973
161974
161975
161976
161977
161978
161979
161980
161981
162101
161983
161967
161985
161986
161987
161988
161989
161990
162003
162004
162006
162007
162008
162009
161982
161953
161939
161940
161941
161942
161943
161944
161945
161946
161947
161948
161949
161950
161969
161952
161968
161954
161955
161956
161957
161958
161959
161960
161961
161963
161258
161965
161966
162020
161951
162085
162010
162071
162072
162073
162074
162075
162077
162078
162079
162080
162081
162082
162069
162084
162068
162086
162087
162088
162089
162090
162091
162092
162093
162094
162095
162096
162097
162098
162083
162035
162236
162021
162022
162023
162024
162025
162026
162027
162028
162029
162030
162031
162070
162034
162011
162055
162056
162057
162058
162059
162060
162061
162062
162063
162064
162065
162066
162067
162032
162406
162392
162393
162394
162395
162396
162397
162398
162399
162400
162401
162402
162403
162234
162405
162389
162407
162408
162409
162411
162412
162413
162414
162415
162416
162417
162418
162419
162404
162376
162357
162358
162359
162360
162361
162362
162363
162364
162365
162366
162372
162373
162391
162375
162390
162377
162378
162379
162380
162381
162382
162383
162384
162385
162386
162387
162388
162422
162374
162470
162420
162455
162458
162459
162460
162461
162462
162463
162464
162465
162466
162467
162451
162469
162450
162471
162472
162473
162474
162475
162476
162477
162478
162479
162480
162481
162482
162483
162468
162436
162354
162423
162424
162425
162426
162427
162428
162429
162430
162431
162432
162433
162452
162435
162421
162437
162438
162439
162440
162441
162442
162443
162444
162445
162446
162447
162448
162449
162434
162280
162294
162267
162268
162269
162270
162271
162272
162273
162274
162275
162276
162277
162265
162279
162264
162281
162282
162283
162284
162285
162286
162287
162288
162289
162290
162291
162292
162356
162278
162250
161962
162237
162238
162239
162240
162241
162242
162243
162244
162245
162246
162247
162266
162249
162295
162251
162252
162253
162254
162255
162256
162257
162258
162259
162260
162261
162262
162263
162248
162341
162293
162328
162329
162330
162331
162332
162333
162334
162335
162336
162337
162338
162326
162340
162325
162342
162343
162344
162345
162346
162347
162348
162349
162350
162351
162352
162353
162235
162339
162310
162296
162297
162298
162299
162300
162301
162302
162303
162304
162305
162306
162307
162327
162309
162355
162311
162312
162314
162315
162316
162317
162318
162319
162320
162321
162322
162323
162324
162308
161433
161419
161420
161421
161422
161423
161424
161425
161426
161427
161428
161429
161430
161510
161432
161416
161434
161435
161436
161437
161438
161439
161440
161441
161442
161443
161444
161445
161431
161403
161385
161386
161390
161391
161392
161393
161394
161395
161396
161397
161398
161399
161418
161402
161417
161404
161405
161406
161407
161408
161409
161410
161411
161412
161413
161414
161415
161448
161400
161494
161446
161479
161964
161481
161937
161485
161486
161487
161488
161489
161490
161491
161477
161493
161476
161495
161496
161497
161498
161499
161500
161501
161502
161503
161504
161505
161506
161509
161492
161462
161382
161449
161450
161451
161452
161453
161454
161455
161456
161457
161458
161459
161478
161461
161447
161463
161464
161465
161466
161467
161468
161469
161470
161471
161472
161473
161474
161475
161460
161306
161320
161293
161294
161295
161296
161297
161298
161299
161300
161301
161302
161303
161289
161305
161288
161307
161308
161309
161310
161311
161312
161313
161314
161315
161316
161317
161318
161384
161304
161273
161259
161260
161261
161262
161263
161264
161265
161266
161267
161268
161269
161270
161290
161272
161321
161274
161275
161276
161277
161278
161279
161280
161281
161283
161284
161285
161286
161287
161271
161369
161319
161356
161357
161358
161359
161360
161361
161362
161363
161364
161365
161366
161354
161368
161353
161370
161371
161372
161373
161374
161375
161376
161377
161378
161379
161380
161381
161482
161367
161336
161322
161323
161324
161325
161326
161327
161328
161329
161330
161331
161332
161333
161355
161335
161383
161338
161339
161340
161341
161342
161343
161344
161347
161348
161349
161350
161351
161352
161334
161863
161807
161808
161809
161810
161811
161812
161813
161856
161857
161858
161859
161860
161745
161862
161804
161864
161865
161866
161867
161868
161869
161870
161871
161872
161873
161874
161875
161861
161772
161751
161753
161757
161758
161759
161760
161761
161765
161766
161767
161768
161769
161806
161771
161805
161773
161774
161775
161776
161784
161785
161786
161795
161511
161797
161480
161803
161878
161770
161923
161876
161909
161910
161911
161912
161913
161914
161915
161916
161917
161918
161919
161907
161922
161906
161924
161925
161926
161927
161928
161929
161930
161931
161932
161933
161934
161935
161936
161920
161892
161796
161879
161880
161881
161882
161883
161884
161885
161886
161887
161888
161889
161908
161891
161877
161893
161894
161895
161896
161897
161898
161899
161900
161901
161902
161903
161904
161905
161890
161557
161571
161800
161545
161744
161547
161548
161549
161550
161551
161552
161553
161554
161542
161556
161541
161558
161559
161560
161561
161562
161563
161564
161565
161566
161567
161568
161569
161570
161555
161526
161512
161513
161514
161515
161516
161517
161518
161519
161520
161521
161522
161523
161543
161525
161546
161527
161528
161529
161530
161531
161532
161533
161534
161535
161536
161537
161538
161540
161524
161713
161691
161692
161693
161694
161696
161697
161698
161699
161700
161701
161706
161709
161690
161711
161738
161714
161715
161717
161718
161726
161730
161733
161734
161572
161739
161544
161741
161743
161710
161659
161740
161689
161636
161651
161658
161660
161661
161662
161663
161664
161665
161666
161667
161669
161685
161688
161657
161675
161687
161686
161684
161683
161678
161681
161676
161680
161679
161682
161677
155255
155268
155245
155247
155249
155253
155254
155244
155256
155257
155258
155259
155260
155261
155262
155267
155243
155266
155230
155216
155289
155217
155269
155219
155220
155221
155218
155225
155242
155233
155235
155236
155237
155238
155239
155240
155241
155224
155304
155295
155296
155297
155298
155299
155300
155301
155287
155303
155288
155305
155306
155307
155308
155215
155110
155310
155302
155280
155271
155272
155273
155274
155275
155276
155277
155291
155279
155290
155281
155282
155283
155284
155285
155286
155309
155270
155278
155080
155059
155067
155068
155069
155075
155076
155077
155108
155079
155047
155082
155085
155097
155103
155105
155106
155117
155078
155038
155471
155024
155023
155026
155032
155033
155034
155053
155036
155048
155039
155040
155041
155042
155043
155044
155045
155311
155035
155198
155181
155183
155184
155185
155186
155187
155190
155107
155197
155175
155199
155200
155201
155208
155210
155211
155212
155196
155160
155115
155025
155134
155135
155151
155152
155154
155177
155156
155176
155162
155163
155165
155170
155171
155172
155174
155213
155155
155420
155411
155412
155413
155414
155415
155416
155417
155428
155419
155408
155421
155422
155423
155424
155425
155426
155390
155418
155400
155469
155392
155393
155394
155395
155396
155397
155410
155399
155409
155401
155402
155403
155404
155405
155406
155407
155429
155398
155464
155450
155451
155457
155458
155459
155460
155461
155427
155463
155447
155465
155466
155467
155468
155470
155018
154363
155462
155439
155430
155431
155432
155433
155434
155435
155436
155449
155438
155448
155440
155441
155442
155443
155444
155445
155446
155389
155437
155342
155333
155334
155335
155336
155337
155338
155339
155350
155341
155330
155343
155344
155345
155346
155347
155348
155391
155340
155322
155313
155314
155315
155316
155317
155318
155319
155332
155321
155331
155323
155324
155325
155326
155327
155328
155329
155351
155320
155381
155372
155373
155374
155375
155376
155377
155378
155349
155380
155369
155382
155383
155384
155385
155386
155387
155388
155379
155361
155352
155353
155354
155355
155356
155357
155358
155371
155360
155370
155362
155363
155364
155365
155366
155367
155368
155312
155359
154615
154597
154599
154600
154601
154606
154607
154609
154633
154611
154594
154616
154620
154623
154629
154630
154631
154565
154610
154586
154381
154568
154570
154571
154576
154577
154579
154596
154585
154595
154587
154588
154589
154590
154591
154592
154593
154634
154584
154705
154688
154693
154694
154695
154696
154697
154700
154632
154704
154662
154706
154711
154712
154714
154716
154717
154718
154701
154652
154635
154636
154637
154638
154639
154641
154642
154686
154644
154672
154653
154654
154655
154656
154657
154658
154659
154564
154643
154445
154430
154431
154437
154439
154440
154441
154442
154456
154444
154417
154446
154450
154451
154452
154453
154454
154567
154443
154391
154346
154352
154356
154357
154358
155474
154364
154428
154389
154418
154392
154393
154398
154401
154402
154406
154416
154457
155473
154548
154523
154524
154525
154526
154534
154538
154543
154455
154547
154516
154549
154550
154551
154555
154557
154558
154559
154544
154490
154460
154464
154465
154466
154467
154470
154474
154522
154477
154519
154491
154492
154505
154506
154507
154512
154514
154721
154475
154903
154894
154895
154896
154897
154898
154899
154900
154914
154902
154891
154904
154905
154906
154907
154911
154912
154719
154901
154872
154862
154863
154864
154865
154866
154867
154868
154893
154870
154892
154873
154875
154876
154878
154881
154882
154886
154918
154869
154998
154960
154961
154973
154974
154975
154978
154980
154913
154991
154957
154999
155002
155003
155011
155012
155014
155016
154988
154944
154919
154920
154921
154922
154924
154933
154935
154959
154940
154958
154946
154947
154948
154952
154953
154955
154956
154854
154936
154779
154767
154768
154769
154770
154771
154772
154773
154861
154775
154764
154780
154784
154789
154790
154791
154792
154793
154774
154747
155017
154722
154723
154724
154725
154726
154729
154766
154738
154765
154748
154749
154752
154753
154754
154755
154756
154799
154734
154841
154794
154832
154834
154835
154836
154837
154838
154830
154840
154825
154842
154843
154844
154846
154847
154848
154853
154720
154839
154815
154860
154800
154801
154805
154806
154811
154812
154831
154814
154797
154816
154817
154818
154819
154820
154821
154822
154824
154813
156418
156447
156426
156425
156424
156423
156422
156421
156428
156419
156429
156417
156416
156415
156414
156413
156412
156411
156420
156437
156622
156445
156444
156443
156442
156441
156440
156427
156438
156408
156436
156435
156434
156433
156432
156431
156430
156439
156379
156388
156387
156386
156385
156384
156383
156382
156410
156380
156391
156378
156377
156376
156375
156374
156373
156372
156381
156399
156448
156407
156406
156405
156404
156403
156402
156389
156400
156390
156398
156397
156396
156395
156394
156393
156392
156409
156401
156510
156446
156539
156538
156537
156533
156517
156516
156541
156511
156542
156509
156508
156507
156506
156505
156504
156503
156513
156561
156205
156618
156614
156606
156600
156591
156566
156540
156562
156492
156549
156548
156547
156546
156545
156544
156543
156564
156456
156465
156464
156463
156462
156461
156460
156459
156502
156457
156468
156455
156454
156453
156452
156451
156450
156449
156458
156476
156369
156491
156486
156485
156482
156480
156479
156466
156477
156467
156475
156474
156473
156472
156471
156470
156469
156501
156478
156260
156371
156271
156269
156268
156267
156266
156265
156273
156263
156274
156259
156257
156254
156252
156251
156246
156245
156264
156282
156291
156290
156289
156288
156287
156286
156285
156272
156283
156242
156281
156280
156279
156278
156277
156276
156275
156284
156213
156222
156221
156220
156219
156218
156217
156216
156244
156214
156225
156212
156211
156210
156209
156208
156207
155472
156215
156233
156294
156241
156240
156239
156238
156237
156236
156223
156234
156224
156232
156231
156230
156229
156228
156227
156226
156243
156235
156340
156349
156348
156347
156346
156345
156344
156343
156332
156341
156352
156339
156338
156337
156336
156335
156334
156292
156342
156360
156623
156368
156367
156366
156365
156364
156363
156350
156361
156351
156359
156358
156357
156356
156355
156354
156353
156331
156362
156301
156310
156309
156308
156307
156306
156305
156304
156333
156302
156313
156300
156299
156298
156297
156296
156295
156370
156303
156321
156330
156329
156328
156327
156326
156325
156324
156311
156322
156312
156320
156319
156318
156317
156316
156315
156314
156293
156323
157038
157146
157048
157047
157044
157043
157042
157041
157050
157039
157051
157037
157036
157035
157034
157033
157027
157019
157040
157119
156621
157141
157133
157130
157128
157125
157124
157049
157122
157016
157076
157075
157074
157055
157054
157053
157052
157123
156916
156985
156970
156965
156930
156929
156927
156925
157018
156918
156997
156907
156906
156904
156903
156902
156901
156898
156919
157007
157147
157015
157014
157013
157012
157011
157010
156989
157008
156992
157006
157005
157004
157003
157002
157001
157000
157017
157009
157230
157145
157238
157237
157236
157235
157234
157233
157240
157231
157242
157229
157228
157227
157226
157225
157224
157223
157232
157250
157263
157262
157261
157260
157258
157256
157255
157239
157252
157220
157249
157248
157247
157246
157245
157244
157243
157254
157161
157170
157169
157168
157167
157166
157165
157164
157222
157162
157182
157160
157155
157154
157152
157151
157149
157148
157163
157211
156891
157219
157218
157217
157216
157215
157214
157171
157212
157179
157210
157209
157201
157197
157196
157193
157186
157221
157213
156672
156894
156682
156681
156680
156679
156678
156677
156684
156675
156685
156671
156670
156669
156668
156667
156666
156665
156676
156693
156702
156701
156700
156699
156698
156697
156696
156683
156694
156662
156692
156691
156690
156689
156688
156687
156686
156695
156632
156641
156640
156639
156638
156637
156636
156635
156664
156633
156645
156631
156630
156629
156628
156627
156626
156624
156634
156653
156705
156661
156660
156659
156658
156657
156656
156643
156654
156644
156652
156651
156650
156649
156648
156647
156646
156663
156655
156812
156832
156831
156828
156827
156824
156822
156818
156782
156814
156836
156811
156809
156796
156794
156789
156788
156703
156817
156870
156204
156890
156881
156879
156877
156876
156875
156833
156871
156835
156869
156868
156861
156853
156852
156838
156837
156780
156874
156712
156723
156720
156719
156718
156717
156716
156715
156787
156713
156731
156711
156710
156709
156708
156707
156706
156892
156714
156761
156777
156776
156775
156770
156769
156767
156765
156725
156762
156729
156760
156755
156749
156745
156741
156737
156733
156704
156763
155765
155794
155773
155772
155771
155770
155769
155768
155775
155766
155776
155764
155763
155762
155761
155760
155759
155758
155767
155784
155871
155792
155791
155790
155789
155788
155787
155774
155785
155755
155783
155782
155781
155780
155779
155778
155777
155786
155726
155735
155734
155733
155732
155731
155730
155729
155757
155727
155738
155725
155724
155723
155722
155721
155720
155719
155728
155746
155795
155754
155753
155752
155751
155750
155749
155736
155747
155737
155745
155744
155743
155742
155741
155740
155739
155756
155748
155842
155793
155850
155849
155848
155847
155846
155845
155852
155843
155853
155841
155840
155839
155838
155837
155836
155835
155844
155861
156206
155869
155868
155867
155866
155865
155864
155851
155862
155832
155860
155859
155858
155857
155856
155855
155854
155863
155803
155812
155811
155810
155809
155808
155807
155806
155834
155804
155815
155802
155801
155800
155799
155798
155797
155796
155805
155823
155716
155831
155830
155829
155828
155827
155826
155813
155824
155814
155822
155821
155820
155819
155818
155817
155816
155833
155825
155521
155718
155529
155528
155527
155526
155525
155524
155531
155522
155532
155520
155519
155518
155517
155516
155515
155514
155523
155540
155549
155548
155547
155546
155545
155544
155543
155530
155541
155511
155539
155538
155537
155536
155535
155534
155533
155542
155482
155491
155490
155489
155488
155487
155486
155485
155513
155483
155494
155481
155480
155479
155478
155477
155476
155475
155484
155502
155552
155510
155509
155508
155507
155506
155505
155492
155503
155493
155501
155500
155499
155498
155497
155496
155495
155512
155504
155686
155695
155694
155693
155692
155691
155690
155689
155676
155687
155699
155685
155684
155683
155682
155681
155680
155550
155688
155707
155872
155715
155714
155713
155712
155711
155710
155696
155708
155698
155706
155705
155704
155703
155702
155701
155700
155673
155709
155559
155570
155569
155568
155567
155564
155563
155562
155679
155560
155573
155558
155557
155556
155555
155554
155553
155717
155561
155583
155670
155594
155591
155590
155589
155587
155586
155571
155584
155572
155581
155580
155578
155577
155576
155575
155574
155551
155585
156092
156127
156100
156099
156098
156097
156096
156095
156102
156093
156103
156091
156090
156089
156088
156087
156086
156085
156094
156111
155870
156125
156124
156123
156119
156118
156117
156101
156112
156082
156110
156109
156108
156107
156106
156105
156104
156116
156053
156062
156061
156060
156059
156058
156057
156056
156084
156054
156065
156052
156051
156050
156049
156048
156047
156046
156055
156073
156128
156081
156080
156079
156078
156077
156076
156063
156074
156064
156072
156071
156070
156069
156068
156067
156066
156083
156075
156175
156126
156183
156182
156181
156180
156179
156178
156185
156176
156186
156174
156173
156172
156171
156170
156169
156168
156177
156194
156203
156202
156201
156200
156199
156198
156197
156184
156195
156165
156193
156192
156191
156190
156189
156188
156187
156196
156136
156145
156144
156143
156142
156141
156140
156139
156167
156137
156148
156135
156134
156133
156132
156131
156130
156129
156138
156156
156043
156164
156163
156162
156161
156160
156159
156146
156157
156147
156155
156154
156153
156152
156151
156150
156149
156166
156158
155921
156045
155929
155928
155927
155926
155925
155924
155931
155922
155932
155920
155919
155918
155917
155916
155915
155914
155923
155940
155949
155948
155947
155946
155945
155944
155943
155930
155941
155911
155939
155938
155937
155936
155935
155934
155933
155942
155880
155889
155888
155887
155886
155885
155884
155883
155913
155881
155892
155879
155878
155877
155876
155875
155874
155873
155882
155902
155952
155910
155909
155908
155907
155906
155905
155890
155903
155891
155901
155900
155899
155898
155897
155894
155893
155912
155904
155998
156023
156022
156021
156020
156013
156007
156002
155990
155999
156026
155997
155996
155995
155994
155993
155992
155950
156000
156034
157264
156042
156041
156040
156039
156038
156037
156024
156035
156025
156033
156032
156031
156030
156029
156028
156027
155989
156036
155959
155968
155967
155966
155965
155964
155963
155962
155991
155960
155971
155958
155957
155956
155955
155954
155953
156044
155961
155979
155988
155987
155986
155985
155984
155983
155982
155969
155980
155970
155978
155977
155976
155975
155974
155973
155972
155951
155981
