156909
161624
161630
160917
154699
159444
158652
160465
155607
155605
161628
162038
160653
160668
160663
160564
160044
157922
160872
160888
160878
156601
158653
156520
158813
157414
158293
161539
160322
157431
156910
159389
158404
158547
162224
160692
154625
154582
155070
157424
156942
160716
154702
154674
154647
154910
155125
155126
154972
154347
154348
154698
154703
154707
158841
159093
159554
157836
159687
159450
157902
157838
157952
158672
161039
160929
160949
160330
159988
160519
160508
156730
156674
157835
155452
156018
157541
157787
157647
157636
157635
158707
158711
158588
158677
158726
158598
158591
158589
158651
158583
158617
158633
158839
158857
158874
158875
158864
158479
158476
158470
158485
158482
158489
158480
158419
158423
158427
158498
158496
159080
159083
159111
159116
159037
159035
159065
159063
159126
159209
159213
159212
159283
159261
159137
159131
159130
159133
158929
158926
158945
158951
158892
158884
158898
158902
159005
157646
157699
157674
157553
157550
157616
157606
157614
157839
157812
157834
157887
157711
157796
157794
157310
157318
157325
157304
157266
157301
157294
157488
157538
157365
157422
158256
158245
158247
158205
158279
158329
158330
158018
158017
157969
158148
160534
160463
160457
160454
160626
160627
160616
160511
160615
160621
160617
160708
160662
160670
160284
160435
160437
160436
157457
161226
161224
161220
161235
161233
161225
161255
161210
161206
161209
161037
160754
160751
161038
161036
160812
159617
159652
159642
159547
159583
159696
159690
159399
159406
159443
159442
159535
159439
159449
159298
159366
159529
159456
159491
160067
160066
159964
160103
160147
159813
159815
159807
159914
159910
159915
159879
162128
162133
162200
162196
162182
161967
161968
162081
162090
162024
162396
162234
162415
162366
162380
162361
162466
162374
162469
162476
162473
162250
162256
162334
162311
162297
162315
161443
161433
161437
161410
161431
161504
161465
161298
161288
161275
161367
161328
161331
161348
161856
161875
161775
161511
161906
161914
161916
161893
161888
161563
161692
161660
161651
161666
161683
161676
161684
161677
155235
155295
155310
155079
155175
155115
155426
155402
155450
155462
155440
155384
155355
155368
154623
154587
154700
154693
154697
154688
154718
154701
154716
154694
154452
154430
154445
154657
154428
154356
154522
154505
154719
154961
154791
154734
154815
156425
156421
156412
156374
156407
156542
156465
156458
156466
156478
156346
156345
156343
154512
154899
157017
157145
157240
157246
157244
157243
157209
157197
157179
157213
156666
156684
156696
156700
156639
156874
156709
156706
156707
156745
156749
155763
156737
155759
155778
155766
155780
155751
155747
155813
155515
155549
155487
155490
155540
155489
155508
155484
155502
155498
155715
155704
155708
155707
155712
155714
155709
155557
155573
155574
155575
155576
155551
156095
156087
156112
156056
156046
156070
156083
156169
156140
156159
155946
155989
155987
161849
157188
158554
158557
158529
162426
162424
159698
162421
155389
155437
154357
154725
157047
157044
156693
155873
156741
154728
