159984
159864
161653
161387
160980
157208
159325
161671
158759
161672
160339
159990
159986
158758
158761
157956
157865
158114
155192
156893
157855
155660
158116
159985
155661
155652
155142
155141
160094
159982
162220
160303
159983
161996
161997
158757
158756
160273
161998
159326
160093
154850
159867
161484
161702
161654
161389
161291
156008
160272
159590
160092
161703
154426
157157
161652
161655
160028
159357
161704
159324
160340
160271
161834
161814
161668
160940
155647
159865
157066
157064
157062
157067
158763
162044
162046
162048
159253
161826
161827
161830
161833
161845
161673
161829
161292
161991
161815
161836
161844
161852
161843
157517
157057
157515
159258
159595
159328
159260
159866
160072
161993
159216
159224
159227
161616
158110
159596
159599
159598
159600
159597
159247
159221
159327
161621
159246
161839
161838
161837
161617
161618
162052
161995
158115
161828
159334
161762
161763
161764
161780
161619
160026
161790
159225
160939
161782
160629
160633
160642
161783
160635
161577
160634
157860
159275
161592
161596
161593
158762
155140
160683
161584
162047
161789
161781
157081
157858
158117
161835
160666
161791
160567
159215
159365
157093
157912
161831
155144
157085
162136
160685
161007
161622
160689
160687
156924
161994
161824
157600
155231
161578
155566
154849
161788
156921
157587
160664
154427
158607
160961
160957
160958
154424
154517
154425
159344
157397
155133
158819
158108
158109
158111
157763
157856
155664
161992
155145
158779
158636
161854
158629
158112
162002
154527
162000
159323
155071
159150
156514
156779
157060
156515
159272
154788
159250
160938
160948
158661
159632
160947
158766
159631
160952
158640
158631
158820
160953
158663
158637
160951
158641
158825
158755
158639
159257
154423
161633
156009
161637
161623
161638
161626
161631
155029
158826
161606
154626
155020
154932
158824
154627
159267
159346
161575
157660
158821
159268
159273
161574
161579
161580
161583
161582
161595
161589
161581
160700
161401
160726
159628
158822
162013
159345
161748
157920
157918
160702
159347
162012
160874
157061
159949
157059
159302
161639
161627
161576
155662
159569
159679
155062
155063
157601
157800
155648
160707
161591
160682
154678
160632
159870
157058
161585
161588
160884
159251
158371
161648
154977
160703
158354
154675
155065
155061
157608
159218
159946
159248
159254
159434
160706
161598
161629
161798
158352
159432
159249
160082
160013
160129
161640
162019
158664
160960
158642
158760
160967
160955
160956
160972
158662
159629
159630
160954
160968
160965
158754
160916
160963
160971
158634
160927
160912
160922
160959
162454
160926
160923
160910
159633
160911
160920
160921
155659
160962
155644
155650
155645
155653
155651
161722
155646
161723
155649
161724
155643
155639
155665
159154
159153
161725
155640
155654
155666
159603
158635
160566
160624
160945
161721
162018
160964
160480
160918
160946
160924
160913
160914
160919
158628
158074
161611
159359
161590
159361
158321
161650
158322
159678
160925
160969
160898
161999
157877
160873
160896
157104
157082
160903
160904
161005
161720
160891
160876
162016
157522
161719
161840
160893
160881
160895
156004
155119
156887
157173
157521
160697
161615
160690
157105
157073
160299
160402
158159
159863
159868
158573
159860
160401
157473
156917
161822
160466
160883
160885
160887
154415
157174
157598
154762
158638
160501
154483
157413
159431
157768
160944
160942
158372
160467
157626
160499
157629
157727
158301
154660
160970
157728
160905
161620
160886
161799
161750
160346
162054
161147
161148
160405
160337
161150
161756
161855
159549
160686
161587
161842
161736
154411
161614
161613
155090
160688
154605
154880
157032
160623
161610
157430
154495
157439
157433
159318
159271
158568
156968
161670
161841
160684
161027
161707
160691
158654
161032
158300
158798
161010
158290
162371
160995
158292
161793
160828
156575
160131
159429
162037
156937
156577
154500
156574
157429
156941
157532
157625
157724
157434
162370
162170
157476
162015
158291
157569
162369
157857
160936
158079
160943
158627
157957
157955
157762
157742
160941
156990
158609
158078
158076
158072
155207
157825
157760
157824
158118
157866
157207
158106
157844
158087
158090
158091
158606
158107
158614
155604
159437
159152
155139
155143
155641
155602
161847
161848
161850
157063
158071
155147
155630
157516
157851
161641
157950
157919
161597
157848
158608
157090
157761
158077
157828
157849
157827
157953
160937
157951
157861
155086
157786
157826
158075
157850
157779
158073
156726
157764
154373
157863
155064
156739
158082
157722
158625
158081
158612
158104
158088
158080
158084
157845
157723
156995
157464
160429
161072
157465
160428
157468
157466
156994
158351
158358
158357
158359
158679
158350
159430
158289
158294
156588
156558
158676
155614
154387
156976
154476
161832
154494
154449
156977
158302
158353
159427
158678
154501
154802
154928
154983
154448
154497
157432
157628
154990
155603
159314
157438
159310
161029
162368
162367
162313
161712
161729
162222
159386
159381
159388
159383
157192
157191
162227
157867
160269
159993
160270
159588
159585
158356
157864
158622
159528
160830
160268
160695
160694
156772
156572
160392
160134
154857
156721
155189
157622
160833
160832
157734
157735
157670
157669
159319
157477
157829
157638
157620
157954
156949
156751
157936
157045
157921
155592
155672
157846
157065
155582
158308
159171
159623
157570
159876
159364
157126
158123
157520
162410
156848
157291
155164
155015
154938
160827
156525
154929
154943
154939
159564
154937
154950
154909
154885
154889
154871
154783
154785
157142
154745
158355
154890
154908
154916
154852
154858
154926
154941
155124
154744
154787
155096
162169
155118
154471
155093
155094
157440
154496
154376
154350
157463
154669
154380
154367
154390
156587
154663
154556
159380
159309
157428
160829
158092
158624
158086
158102
158610
158096
158626
157853
159438
157405
158377
155669
159151
155663
155148
158828
158399
155667
155146
160492
160490
160491
161846
159602
157189
161737
157979
157904
155642
158613
158605
154384
157518
157056
154826
158611
158085
158105
157132
159255
158098
155611
155608
158083
155655
155635
155631
158089
155606
157847
159252
158103
159259
159217
159226
160489
161851
159604
158623
159222
155657
160494
159256
155628
154511
158099
155612
159219
158094
159241
159223
155634
155656
159245
155638
159606
158101
160979
155618
158095
155636
155615
157131
155613
158100
158093
161078
155610
159243
155668
159220
155632
155658
158097
155616
155609
159228
159242
161642
157425
157528
161602
161612
161605
161632
161634
161603
161825
161647
161643
162014
161635
161645
161599
162053
160640
161609
157540
161625
161646
161601
162051
161649
162017
161644
161820
161823
161600
161778
161792
161607
161816
161817
161819
161818
161779
161821
161777
160659
160681
160649
160641
161604
160648
160650
160638
160652
161608
160637
160656
160658
160665
160042
160679
160657
160043
160678
160046
160680
160002
160444
160037
161573
160667
160100
160636
160033
161594
162152
160565
160040
160677
160427
160086
160118
160699
161586
161236
160274
160704
160701
160047
160639
160698
160083
160705
160112
161231
161746
161187
161747
156998
162221
161742
160110
161752
157092
157923
157924
159857
160058
157106
157087
157086
157083
157917
157088
160868
157089
160897
157077
155191
157079
159174
157108
157091
159947
159362
159676
160902
157080
157078
157111
159685
160899
157101
159677
160900
157084
156593
159360
160880
157984
160894
160087
157107
160877
160901
162453
156586
160892
160890
160889
156120
155232
160882
156589
156121
160879
154687
158070
160875
156834
156740
157802
154375
159170
156585
157989
156122
158570
158335
157801
159424
154374
157798
155060
154680
157609
157599
157511
157799
159169
154677
156923
155072
157175
159869
154676
156882
158160
154845
159206
156922
156966
159871
159612
159858
159615
156920
155150
158055
158066
155089
160126
154661
157661
154668
154667
155149
157720
158054
159661
157832
154763
157467
157717
155088
158053
159660
159664
159428
155087
157719
159663
159436
156996
159662
158296
157568
157627
157567
157718
157721
157726
158295
161146
158349
158288
158298
160326
160450
158299
158297
161149
161153
160315
161151
160449
159551
161183
160338
159552
159448
161152
159447
159446
160313
159994
160119
161674
160320
160317
159445
160319
159561
160316
160314
155596
155595
155599
156114
156732
156978
160324
155597
160323
156804
155600
160318
154987
155598
160321
156563
156798
156799
154986
155675
160325
156975
156973
154386
154498
157566
154502
154803
159307
154804
156972
156971
157427
159312
158384
159385
154499
159390
159205
159311
159313
157436
159203
159391
157435
158385
159384
159320
159379
159382
158382
159387
158383
159321
159322
158388
158370
158044
158379
158067
158068
159094
158380
158742
159392
158799
159147
158381
158569
158065
158794
158801
159100
161695
158797
158800
158741
158386
161026
160993
161030
159202
161028
158739
158740
158615
157998
162156
162231
161705
160836
159626
160994
162157
162233
159587
160834
159586
160267
160837
160265
160220
160826
159425
160831
159422
160825
160152
156571
160835
155264
156940
156573
156570
156873
160080
156840
156576
156003
156567
156935
156807
156938
156773
156939
156934
156936
160302
156568
154469
156579
156897
156771
155159
156784
156774
154673
154553
156933
155263
154782
156808
154915
154546
154388
154545
154369
160693
157986
154412
155022
156596
154414
154689
154992
155098
154777
157964
154970
155084
155101
155031
155005
157932
155095
154951
157789
155102
157478
157737
157935
154925
157739
157934
157475
155000
156955
157937
157938
157822
157738
156578
157631
157736
157740
156956
156946
157741
157788
156947
157816
156951
156952
156957
156954
157750
156943
156953
157376
156945
156950
156944
157933
157046
156958
157351
157412
156948
157377
157346
156866
156746
156964
156527
156963
156960
156962
156959
156961
156526
156826
156524
157757
156783
156603
157120
156487
157999
156523
156825
156806
157206
159980
156915
154419
160630
156803
160376
160978
154691
157502
157181
157840
154486
154488
154583
154670
154404
154742
154554
154529
154366
154405
155004
154368
155168
154521
155193
154349
157997
154372
154746
154750
154985
154979
154855
154917
155167
155111
154923
154931
154949
154472
154776
155109
154796
155127
154967
154963
154877
154964
154743
154942
155055
154781
154927
154945
154887
154934
154741
154823
154859
154740
154808
154810
154807
155083
155116
154751
154833
154795
155066
155099
155112
154851
155123
155073
155104
155006
154809
155138
155128
155131
155136
154984
155050
155122
155129
155153
154993
154982
154989
155137
154969
155074
154965
155013
154649
154976
155027
155007
154966
155001
154995
154739
155046
154429
155057
155009
155054
155056
154468
154463
154447
154422
154438
154433
154421
154458
154996
154353
154478
154432
154355
154354
154509
154484
154371
154479
154459
154461
154485
154503
154434
154407
154379
155157
154382
154645
154383
154403
154397
154394
154400
154409
154345
154413
154493
154651
154682
154370
154679
154664
154666
154681
154671
154510
154622
154508
154648
154692
158753
159068
159356
159051
159095
158812
159103
159055
154614
159550
159625
159050
158845
158793
159097
159052
159053
159563
159560
159594
159069
159091
159333
159671
159653
159558
159358
159567
159758
159859
159581
159548
159641
159555
159441
159374
159375
159373
159553
159377
159416
158305
159415
158069
158125
159451
158732
158124
159546
159426
159527
159455
158045
159545
158113
158737
159435
158122
158303
159531
158315
158331
158314
157879
157992
158316
158306
158307
158304
157837
158001
157869
157870
157930
158043
158317
157929
157945
158346
157948
157931
158702
158669
158334
157928
157871
158730
157983
158705
157946
158648
158658
158665
158716
157959
158717
158671
158659
158657
158733
158674
158704
158703
158361
158360
158408
158655
158656
158387
158407
158367
158673
158364
159882
158645
158406
158378
158597
158464
160977
158403
158596
161006
158456
161004
160997
160981
160975
161000
158337
158616
161014
161016
160974
161011
161009
160996
161001
161015
160976
160727
159878
160728
161018
160908
160745
160907
161003
160909
160915
161054
161794
160930
160928
161732
161728
161801
160931
160950
162033
161735
160935
160966
161755
160933
161019
160863
162183
162207
162456
161727
162142
161802
162005
161754
162076
161337
161055
162036
155158
161731
161057
161345
161070
161056
160101
161716
161058
161079
160722
161388
161346
161282
161105
161708
160248
161080
160078
160153
160144
161656
161483
160081
160174
160344
160724
160295
159937
160294
159989
160296
160298
160293
160085
159953
160327
160345
159995
160007
159973
159957
160545
160291
160391
160713
159961
160289
160076
159981
159987
160018
160628
160034
160544
160031
160546
160030
160696
160351
160718
160020
160720
160719
160723
160647
160654
160714
160395
160622
160528
160543
160409
160390
160396
160461
160715
160393
160721
160471
160476
160532
160430
159933
160410
160655
160515
160473
160398
156764
156748
160481
156744
156797
156742
160403
156753
156752
156736
156743
156781
156778
156758
156754
156895
156785
156786
156766
156604
156610
156611
156608
156790
156738
156878
156612
156724
156620
156617
156619
156625
156613
156615
156800
156872
156856
156616
156642
156851
156795
156673
156863
156884
156854
156801
156867
156880
156722
156864
156865
156888
156885
156857
156862
156823
156844
156883
156855
156889
156816
156886
156802
156847
156805
156815
156594
156839
156849
156846
156821
155292
156819
156813
156830
155455
155246
155252
155565
156599
155601
155248
156820
155294
155593
155588
156850
155456
155251
155579
155265
155671
155205
155454
155161
155166
155188
159948
155180
155209
155226
155250
155204
156495
155228
155234
155453
156560
155227
155214
155697
156488
156494
155202
155203
156581
156569
155206
155896
156607
156001
156500
156521
156534
156253
156005
156580
155674
156258
156518
156559
156019
156015
156522
156261
156250
156256
156528
156582
156490
156590
156583
156012
156595
156484
156270
157573
157559
156493
155677
156014
157575
157556
157572
157580
156017
157579
157558
157456
157576
157455
157595
157594
157583
157474
157415
157444
157581
157586
157450
157554
157582
157557
157507
157783
157555
157584
157452
157451
157781
157803
157445
157482
157417
157531
157529
157790
157459
157605
157782
157447
157793
157461
157784
157775
157813
157597
157453
157833
157791
156602
157830
157811
157671
157821
157621
157623
156896
157823
157814
157730
157667
157624
157602
157178
157725
157143
157705
157776
157758
157648
157150
157137
157139
157746
157028
157759
157777
157144
157134
157031
157127
157765
157695
157136
157172
156899
157158
157176
157159
157029
157121
157153
157020
157138
156912
156914
156969
157030
156932
156905
156928
158700
156913
156993
158697
158701
156926
158681
156900
158695
158698
157023
158696
158694
157022
158729
158682
158719
158680
157024
158708
158580
158686
158713
158685
158699
158725
158683
158715
158727
158670
158720
158723
158722
158724
158710
158706
158709
158721
158593
158594
158595
158712
158592
158585
158582
158714
158587
158667
158600
158586
158601
158417
158584
158590
158647
158650
158604
158599
158646
158660
158620
158621
158619
158847
158649
158603
158602
158632
158731
158855
158837
158852
158846
158872
158854
158858
158618
158853
158851
158843
158848
158728
158850
158866
158842
158844
158840
158870
158862
158867
158869
158849
158863
158871
158873
158859
158790
158785
158856
158838
158791
158868
158836
158765
158861
158792
158783
158860
158796
158865
158788
158789
158833
158782
158734
158784
158831
158830
158810
158829
158764
158787
158802
158834
158832
158814
158795
158735
158459
158736
158579
158807
158475
158473
158803
158468
158786
158471
158804
158805
158472
158835
158469
158809
158808
158467
158478
158827
158806
158474
158461
158497
158465
158466
158462
158493
158463
158486
158495
158492
158488
158490
158487
158477
158491
158494
158581
158484
158458
158431
158429
158481
158422
158433
158435
158420
158432
158426
158425
158444
158428
158483
158430
158436
158452
158460
158424
158437
158451
158450
158438
158421
158434
158445
158447
158443
158448
158457
158439
159289
158549
158449
158446
158536
158553
158440
158442
158544
158555
158441
158552
158546
158551
158550
158541
158548
158540
158538
158539
158545
158542
159086
159084
158543
159104
158556
159078
159082
158522
159087
158515
158521
159090
158519
158518
159101
158523
159121
159106
159118
159088
159081
159122
159089
159085
159123
158527
159107
159125
159096
159119
159115
158876
159047
159120
159092
159110
159117
159105
159113
159114
159079
159109
159112
159043
159039
159108
159056
159077
159038
159071
159046
159044
159040
159049
159042
159034
159041
159070
159032
159076
159075
159036
159060
159033
159062
159048
159059
159064
159067
159235
159045
159073
159233
159061
159057
159058
159074
159236
159234
159188
159211
159214
159066
159232
159192
159124
159279
159207
159191
159210
159208
159281
159187
159285
159282
159263
159280
159284
159262
157265
159264
159276
159141
159287
159270
159278
159269
159138
159286
159140
159266
159190
159277
159142
159134
159135
159144
159132
159128
159127
159163
159139
159129
159167
159172
159180
159029
159179
159145
159162
159168
159176
159143
159157
159159
159136
159156
159161
159160
159164
158915
159166
159158
158934
159165
158923
158925
158946
158927
158920
159031
158933
158921
158930
158947
158924
158949
158914
158931
158928
158922
158950
158943
158917
158948
158941
158918
158937
158942
158932
158940
158944
158939
158938
158919
158896
158888
158895
158935
158936
158916
158891
158890
158885
158904
158913
158883
158880
158886
158889
158893
158905
158882
158879
158912
158909
158887
158900
158416
158908
158911
158881
158894
158910
158903
159006
158954
158901
159000
158907
158897
159007
159004
159012
158998
158952
158899
158999
159001
158993
158877
158997
159009
159008
158996
159003
158906
159019
158995
159002
159020
159028
159027
159018
159010
158961
159026
159015
159025
159021
159013
159017
158990
158994
159023
158957
159014
158960
158973
159022
158966
158969
159024
158965
158970
159016
158967
158968
158958
158964
158992
158953
159030
158962
158989
158986
158987
158963
158974
158955
158959
158956
158988
158976
158991
158971
158984
158977
158975
158978
157666
158983
157644
158982
158981
157672
157650
158979
158985
157642
157637
158980
157663
158972
157545
157659
157673
157645
157652
157698
157657
157649
157702
157643
157658
157700
157678
157651
157641
157681
157634
157696
157684
157680
157697
157590
157682
157547
157640
157668
157677
157675
157679
157585
157676
157571
157560
157578
157577
157633
157551
157683
157632
157592
158418
157561
157549
157574
157591
157604
157552
157617
157607
157619
157611
157819
157548
157593
157630
157618
157613
157596
157603
157610
157703
157615
157852
157806
157862
157854
157841
157810
157842
157891
157805
157817
157809
157808
157815
157820
157868
157701
157843
157886
157885
157890
157882
157874
157859
157889
157884
157878
157888
157872
157873
157875
157880
157704
157883
157743
157713
157729
157881
157753
157710
157751
157754
157744
157807
157733
157732
157707
157745
157797
157767
157712
157708
157772
157771
157773
157804
157706
157731
157755
157780
157785
157752
157795
157544
157774
157770
157326
157306
157324
157756
157323
157766
157314
157312
157315
157321
157327
157320
157313
157311
157769
157343
157322
157308
157546
157309
157305
157316
157348
157335
157329
157279
157341
157331
157342
157328
157338
157330
157283
157333
157332
157340
157334
157280
157273
157307
157336
157278
157272
157344
157281
157295
157277
157284
157271
157337
157276
157269
157270
157268
157274
157275
157302
157298
157267
157282
157292
157286
157300
157288
157349
157303
157495
157493
157289
157287
157499
157489
157299
157483
157296
157498
157480
157501
157494
157285
157487
157492
157490
157536
157486
157504
157297
157535
157485
157510
157500
157484
157542
157537
157508
157543
157530
157539
157491
157481
157347
157479
157505
157527
157399
157402
157526
157509
157389
157404
157525
157533
157385
157534
157375
157400
157378
157401
157388
157387
157360
157472
157383
157358
157359
157407
157458
157470
157471
157390
157469
157423
157403
158239
157410
157409
158240
157449
157454
158237
158233
157419
157411
158238
158244
158241
158225
158228
157416
158235
158231
158252
158227
158234
158232
158236
158257
158260
158230
158229
158246
158253
158250
158254
158224
158259
158242
158248
158258
158251
158203
158226
158202
158249
158200
158195
158255
158194
158201
158192
158206
158198
158189
158191
158188
158223
158193
158199
158220
158221
158197
158219
158190
158222
158214
158218
158196
158217
158263
158215
158348
158212
158210
158209
158208
158216
158207
158366
158368
158204
158374
158373
158213
158365
158362
158390
158345
158211
158369
158338
158363
158344
158412
158261
158342
158389
158341
158411
158400
158340
158413
158414
158343
158415
158401
158395
158405
158396
158376
158410
158394
158397
158402
158332
158391
158392
158393
158280
158282
158339
158269
158278
158283
158266
158277
158267
158274
158270
158275
158272
158271
158324
158318
158264
158265
158328
158268
158326
158312
158311
158325
158319
158185
158021
158273
158327
158020
158286
158284
158313
158019
158281
158285
158287
158023
158014
158016
158024
158005
158012
158013
158323
157985
158167
157968
158047
157981
157990
158011
157988
158010
157978
158153
158163
157970
157961
158156
157980
158150
157967
158155
158168
158042
158161
158149
158164
158162
158184
158157
158176
158177
158182
158158
157893
158165
158154
158183
158169
158181
158151
158180
158174
158175
158166
158152
158057
158171
158064
158128
158178
158063
158061
158179
158121
158147
158173
158145
158052
158170
158119
158172
158051
158058
158060
158056
158062
158046
158048
158142
158143
158136
158186
158144
158126
158141
158134
158059
158127
158050
158140
158139
158049
158135
158137
158131
158133
158129
160539
158146
158130
160537
158132
160533
160541
160531
160570
160523
158138
160538
160549
160542
160529
160548
160536
160525
160572
160443
160527
160526
160530
160560
160557
160535
160569
160563
160551
160568
160558
160547
160550
160554
160562
160552
160555
160464
160447
160460
160553
160468
160455
160472
160522
160556
160524
160520
160559
160469
160456
160462
160196
160446
160474
160458
160483
160453
160518
160509
160517
160514
160513
160521
160459
160512
160573
160477
160507
160643
160479
160470
160644
160619
160482
160620
160651
160478
160510
160475
160631
160611
160673
160613
160618
160614
160625
160646
160712
160676
160729
160731
160725
160730
160661
160610
160571
160672
160660
160671
160589
160581
160674
160675
160586
160669
160645
160587
160585
160577
160588
160591
160582
160578
160612
160579
160592
160584
160574
160576
160607
160600
160609
160605
160580
160603
160583
160575
160599
160606
160608
160590
160604
160601
160598
160602
160595
160596
160594
160593
160235
160243
160257
160249
160253
160251
160442
160597
160250
160238
160241
160256
160242
160239
160445
160252
160244
160282
160255
160240
160280
160260
160254
160245
160279
160261
160283
160285
160262
160275
160237
160281
160278
160204
160259
160234
160263
160276
160258
160236
160264
160207
160277
160201
160211
160212
160208
160202
160209
160210
160205
160232
160203
160198
160199
160286
160229
160213
160215
160200
160224
160228
160214
160227
160225
159288
160230
160222
160206
160231
160233
160223
160371
160221
160219
160217
160385
160386
160218
160216
160380
160378
160388
160387
160381
160379
160226
160399
160397
160383
160382
160384
160440
160439
160374
160377
160432
160373
160426
160389
160433
160434
160328
160407
160375
160341
160441
160406
160431
160408
160370
160438
160404
160335
160334
160312
160329
160372
160400
160311
157462
157894
160342
157420
160333
160332
160301
160292
160331
160300
160368
160288
160367
160297
160358
160347
160352
160362
160366
160364
160348
160350
160363
160365
160369
160354
160359
160356
160349
160357
161145
161140
160343
158262
157892
160734
161155
161156
161141
161139
160353
161134
161154
161135
161158
161144
161177
161159
161143
161137
161142
161174
161172
161171
161138
161175
161136
161132
160732
161170
161167
161160
161157
161165
161104
161101
161173
161112
161133
161108
161131
161106
161168
161100
161113
161166
161110
161107
161164
161161
161099
161109
161169
161163
161096
161126
161098
161162
161095
161097
161094
161129
161124
161127
161130
161103
161102
161123
161115
161128
161119
161125
161120
161178
161121
161117
161122
161111
161234
161221
161218
161114
161118
161239
161223
161232
161116
161256
161251
161176
161222
161229
161227
161228
161238
161254
161253
161243
161246
161250
161195
161230
161248
161244
161247
161184
161219
161188
161245
161249
161252
161217
161242
161241
161240
161237
161196
161193
161198
161192
161189
161182
161194
161191
161199
161179
161180
161181
161204
161186
161197
161214
161207
161185
161202
161216
161190
161208
160777
161205
160786
161215
161203
161213
160781
160776
161201
160780
160788
161091
161212
160772
160775
160778
160790
160787
161211
160774
160784
161200
160791
160807
160785
160783
160782
160793
161093
160804
160808
160779
160805
158008
160803
160799
160806
160800
160741
160798
160748
160749
160797
160792
160801
160739
160789
160771
160742
160769
160796
160747
160794
160773
160802
160740
160761
160795
160746
160744
160752
160743
160750
160737
160768
160736
160738
160753
160762
160195
160767
160811
160764
160735
160763
160770
160759
160756
160760
160809
160758
161022
161035
161085
161025
161060
161021
160765
160757
161034
160755
161020
161053
161086
161031
160998
160999
161090
161087
161008
161033
161013
161088
161075
161073
161083
160862
161059
161074
161089
161071
160818
161082
160934
161081
160733
160838
160821
160840
161062
160839
160823
160819
161084
160822
160932
160816
160824
160814
161061
160813
160817
160853
160815
160820
160845
161092
160860
160847
160859
160810
160858
160856
160861
160850
160846
160844
160848
160852
160849
160857
159624
160851
160854
160906
159622
159621
160855
159636
160843
159616
159639
159608
159638
159648
159611
159627
159635
159681
159534
159618
159670
159610
159654
159619
159613
159614
159680
159620
159644
159647
159645
159651
159562
159650
159609
159542
159683
159643
159646
159541
159637
159568
159649
159557
159559
159607
159538
159556
159539
159543
159565
159544
159640
159578
159537
159570
159540
159536
159592
159593
159579
159575
159589
159584
160197
159577
159684
159591
159566
159574
159572
159582
159576
159689
159692
159723
159573
159694
159688
159722
159697
159709
159718
159704
159714
159720
159706
159691
159711
159710
159405
159707
159717
159721
159533
159708
159712
159693
159713
159715
159716
159410
159719
159398
159400
159404
159403
159393
159402
159407
159409
159453
159397
159396
159376
159394
159408
159395
159417
159401
159412
159440
159420
159304
159419
159421
159308
159335
159423
159414
159411
159303
159418
159413
159372
159331
159378
159297
159299
159433
159368
159295
159338
159301
159352
159370
159337
159353
159300
159369
159292
159371
159293
159296
159509
159350
159367
159294
159291
159341
159508
159349
159493
159348
159363
159505
159506
159454
159339
159500
159354
159452
159503
159336
159340
159351
159511
159501
159502
159532
159512
159504
159495
159526
159499
159507
159525
159498
159497
159524
159510
159520
159530
159513
159517
159496
159519
159515
159522
159516
159514
159518
159523
159494
159492
159474
159471
159521
159469
159468
159470
159467
159463
159461
159462
159473
159459
159482
159464
159458
159487
159460
159465
159466
159490
159457
160015
159481
159475
159488
159485
159483
159484
159478
159472
159765
160039
159486
159479
160029
159480
160035
160065
159489
160055
160054
160036
159477
160048
160023
160075
160024
160027
160025
160045
160057
160022
160102
159763
160049
160070
159476
160097
160017
160104
160084
160096
160099
160077
160074
160069
160088
160014
159960
160056
159955
160071
160068
159965
159966
159952
159963
160016
159951
160079
159958
159944
159962
159945
159939
160012
159974
159943
159940
160001
159967
159959
159968
159997
159999
159972
159978
159979
159998
159969
160006
159992
159971
160171
160173
159977
159976
160105
160165
160000
160176
160177
160169
160162
160157
159975
159970
160164
160160
160166
160161
160168
160170
160193
160185
160172
160192
160163
160175
160130
160179
160189
160167
160159
160178
160184
160124
160121
160191
160156
160183
160194
160135
160188
160117
160116
160186
160115
160181
160125
160133
160158
160190
160122
160143
160180
160108
160182
160123
160114
160111
160151
160145
160109
160106
160187
160149
160142
160141
160154
159818
160107
160132
160120
160137
160136
160148
160140
159838
160138
160155
160139
159811
159802
160150
160146
159935
159821
159817
159814
159820
159829
159816
159812
159810
159804
159806
159808
159805
159938
159834
159836
159835
159828
159809
159833
159801
159837
159819
159825
159823
159803
159824
159778
159830
159775
159826
159783
159780
159831
159773
159768
159777
159776
159772
159827
159782
159832
159767
159822
159771
159841
161257
159798
159769
159774
159779
159770
159784
159799
159792
159794
159795
159791
159797
159766
159906
159796
159790
159781
159785
159788
159800
159787
159916
159793
159786
159839
159789
159905
159911
159913
159907
159909
159901
159764
159931
159917
159912
159904
159926
159934
159908
159930
159924
159925
159903
159928
159899
159929
159900
159932
159919
159920
159854
159902
159852
159872
159922
159923
159847
159896
159862
159921
159846
159855
159851
159936
159875
159898
159887
159848
159853
159918
159842
159895
159927
159873
159893
159849
159894
159890
159850
159843
159891
159845
159840
159844
162147
159892
159885
159883
162140
159889
162131
159886
159884
159888
159881
162132
162137
159874
162149
162134
162138
162141
162100
159897
159877
162148
162135
162139
162153
162144
162162
162143
162160
162146
162150
161938
162159
162154
162104
162103
162158
162155
162129
162106
162115
162130
162145
162107
162102
162151
162105
162108
162110
162161
162112
162123
162111
162203
162116
162122
162163
162165
162120
162114
162117
162124
162119
162126
162199
162205
162125
162118
162127
162208
162109
162197
162213
162113
162209
162201
162121
162204
162202
162228
162206
162216
162218
162212
162215
162219
162226
162210
162214
162181
162230
162167
162217
162166
162225
162223
162198
162232
162178
162175
162174
162185
162211
162229
162176
161984
162173
162188
162184
162171
162190
162194
162168
162172
162177
162099
162187
161973
161971
162191
161970
162189
161972
162186
162180
162195
161976
162192
161983
162179
161974
162164
161975
161979
161990
162193
162003
161977
161978
161989
161940
161981
161982
162101
161987
161985
161986
161952
161945
162004
161988
161942
162006
161943
161969
161947
161953
162008
161946
162007
162009
161956
161939
161965
162072
161944
161961
161941
161958
161950
161957
161959
162073
161955
162020
162077
162071
161954
161951
161258
161948
162085
161949
161966
161963
161960
162075
162010
162082
162069
162087
162080
162091
162088
162068
162098
162092
162089
162094
162074
162079
162096
162078
162097
162034
162086
162084
162029
162093
162035
162095
162022
162083
162027
162028
162030
162057
162062
162032
162026
162025
162011
162067
162066
162021
162061
162236
162023
162059
162055
162070
162402
162031
162406
162063
162058
162064
162389
162056
162401
162393
162060
162395
162392
162409
162065
162403
162399
162405
162400
162394
162397
162412
162398
162408
162407
162413
162411
162414
162417
162418
162360
162404
162419
162364
162357
162358
162376
162416
162359
162373
162362
162363
162391
162365
162375
162388
162422
162382
162390
162379
162378
162381
162372
162386
162377
162385
162462
162463
162460
162387
162384
162458
162472
162383
162459
162465
162478
162420
162470
162467
162455
162482
162477
162475
162451
162471
162461
162474
162481
162464
162480
162450
161962
162287
162285
162356
162291
162240
162286
162278
162479
162284
162289
162292
162290
162237
162275
162239
162244
162288
162238
162241
162282
162266
162295
162246
162242
162249
162247
162252
162243
162254
162245
162262
162255
162328
162263
162260
162331
162329
162259
162251
162257
162261
162341
162330
162258
162248
162253
162336
162293
162332
162333
162335
162326
162346
162343
162298
162350
162338
162348
162349
162337
162344
162351
162345
162347
162342
162339
162300
162340
162352
162296
162235
162353
162299
162301
162304
162302
162321
162303
162310
162309
162327
162325
162314
162316
162305
162312
162355
162306
162318
162319
162322
162320
161426
161419
162308
162324
161429
162307
162323
161424
161421
162317
161434
161422
161510
161425
161423
161435
161430
161436
161420
161438
161439
161428
161432
161427
161416
161385
161440
161441
161445
161386
161411
161442
161396
161391
161444
161393
161392
161394
161403
161395
161398
161408
161399
161417
161446
161406
161390
161414
161397
161418
161404
161402
161412
161413
161489
161400
161481
161409
161494
161415
161488
161448
161479
161964
161477
161490
161487
161486
161491
161405
161407
161937
161485
161493
161476
161495
161500
161497
161462
161499
161498
161449
161509
161492
161501
161502
161506
161382
161452
161457
161505
161455
161453
161459
161454
161496
161450
161447
161451
161503
161461
161458
161474
161471
161466
161467
161460
161468
161456
161463
161293
161470
161478
161464
161472
161469
161473
161306
161320
161300
161295
161299
161297
161301
161261
161294
161303
161296
161317
161289
161302
161259
161318
161311
161309
161307
161260
161310
161475
161316
161273
161314
161305
161265
161315
161312
161304
161313
161270
161308
161262
161384
161264
161269
161276
161268
161321
161266
161272
161290
161263
161274
161277
161278
161267
161271
161285
161357
161280
161360
161364
161369
161366
161281
161361
161362
161374
161286
161284
161319
161375
161372
161283
161358
161287
161368
161377
161373
161359
161356
161379
161353
161363
161279
161365
161370
161378
161376
161354
161380
161336
161482
161371
161381
161322
161330
161324
161323
161335
161355
161326
161341
161332
161333
161325
161329
161327
161338
161334
161339
161340
161809
161865
161347
161350
161342
161352
161351
161872
161808
161866
161804
161349
161862
161864
161811
161343
161383
161871
161857
161863
161813
161807
161868
161745
161810
161858
161344
161859
161860
161873
161874
161812
161869
161867
161761
161772
161759
161753
161861
161776
161870
161767
161765
161758
161768
161757
161751
161769
161760
161923
161803
161876
161786
161774
161766
161480
161771
161797
161805
161806
161878
161784
161912
161909
161785
161913
161795
161773
161918
161924
161917
161919
161770
161915
161922
161910
161930
161927
161925
161911
161932
161931
161907
161936
161920
161935
161926
161884
161928
161891
161934
161929
161879
161882
161881
161933
161877
161885
161796
161895
161886
161880
161887
161896
161897
161899
161889
161892
161894
161903
161904
161900
161905
161883
161901
161902
161890
161548
161898
161552
161908
161549
161557
161800
161571
161554
161564
161559
161551
161553
161541
161558
161545
161744
161556
161560
161561
161565
161550
161569
161542
161547
161520
161566
161555
161513
161568
161525
161514
161570
161515
161567
161543
161516
161512
161562
161522
161528
161517
161693
161529
161546
161713
161531
161709
161518
161526
161521
161533
161519
161527
161540
161532
161706
161534
161537
161530
161535
161538
161523
161524
161701
161711
161691
161698
161697
161700
161715
161696
161734
161699
161690
161536
161717
161694
161726
161710
161738
161718
161544
161572
161714
161658
161659
161743
161741
161740
161739
161636
161730
161733
161664
161665
161662
161663
161689
161661
161685
161678
161682
161681
161657
161688
161687
155254
161679
161667
155245
161680
161669
155266
155262
155269
155261
155257
161686
155247
161675
155249
155256
155260
155255
155217
155244
155253
155258
155243
155268
155259
155230
155225
155221
155220
155233
155238
155236
155267
155216
155237
155218
155241
155289
155242
155239
155287
155302
155224
155300
155296
155299
155298
155215
155301
155240
155272
155271
155304
155303
155273
155279
155059
155280
155284
155288
155308
155282
155307
155110
155297
155306
155283
155305
155291
155275
155274
155276
155285
155277
155075
155270
155286
155281
155309
155290
155067
155103
155278
155080
155038
155085
155069
155026
155097
155077
155076
155047
155082
155471
155078
155068
155023
155108
155117
155032
155041
155183
155033
155045
155024
155042
155044
155105
155036
155198
155311
155053
155034
155106
155184
155185
155039
155181
155040
155048
155035
155043
155190
155199
155197
155208
155187
155186
155200
155196
155212
155201
155160
155211
155177
155107
155210
155025
155152
155156
155165
155154
155414
155134
155417
155176
155135
155213
155416
155412
155162
155170
155415
155151
155420
155411
155163
155419
155155
155172
155418
155422
155174
155428
155390
155421
155171
155400
155423
155425
155413
155408
155397
155394
155424
155393
155392
155469
155399
155410
155401
155395
155398
155396
155470
155460
155403
155429
155464
155466
155406
155439
155457
155447
155427
155018
155409
155463
155461
155405
155407
155404
155451
155430
155459
155435
155465
155431
155467
155433
155436
155458
155468
155434
155432
154363
155445
155449
155442
155444
155438
155386
155448
155443
155441
155361
155353
155382
155354
155378
155379
155385
155356
155358
155357
155369
155380
155370
155349
155352
155383
155360
155387
155388
155367
154600
155364
155366
155371
155359
154601
154597
155362
154615
154599
155365
154606
154611
155363
155312
154630
154629
154609
154633
154631
154607
154610
154381
154616
154620
154594
154565
154570
154591
154568
154585
154576
154586
154579
154592
154596
154595
154590
154571
154695
154711
154577
154589
154706
154717
154584
154662
154638
154588
154637
154714
154639
154634
154704
154632
154636
154644
154593
154696
154642
154652
154705
154712
154655
154641
154672
154686
154635
154658
154654
154653
154456
154431
154656
154659
154454
154567
154453
154443
154451
154643
155474
154417
154358
154442
154346
154437
154441
154440
154450
154564
154401
154352
154389
154402
154444
154392
155473
154439
154391
154364
154523
154393
154548
154398
154457
154416
154446
154526
154538
154525
154406
154534
154547
154555
154418
154516
154550
154551
154455
154543
154506
154549
154491
154464
154465
154558
154475
154721
154557
154470
154467
154519
154477
154492
154466
154507
154895
154903
154896
154900
154894
154906
154898
154891
154914
154872
154904
154902
154907
154912
154911
154863
154873
154862
154864
154868
154870
154866
154878
154892
154865
154867
154893
154869
154886
154882
154876
154980
154918
154960
154999
154998
154975
154978
155002
155003
154991
154913
155014
154988
154946
155011
154922
154944
154947
154920
154935
154924
154958
154936
154948
154956
154769
154955
154779
154767
154771
154792
154854
154784
154789
154770
154723
154774
154724
154747
154722
154726
154729
154738
154766
154756
154755
154799
154753
154841
154794
154832
154834
154836
154835
154837
154838
154830
154840
154825
154842
154843
154844
154846
154847
154848
154853
154720
154839
154860
154800
154801
154806
154805
154811
154812
154831
154814
154797
154816
154817
154818
154819
154820
154821
154824
154822
154813
156418
156447
156426
156424
156423
156422
156428
156419
156417
156429
156416
156415
156414
156413
156411
156622
156420
156437
156445
156444
156443
156442
156441
156440
156427
156438
156436
156408
156435
156433
156432
156434
156430
156439
156431
156379
156388
156383
156387
156385
156386
156384
156382
156410
156380
156391
156378
156377
156376
156375
156373
156372
156399
156448
156381
156406
156405
156404
156402
156389
156403
156400
156390
156398
156397
156395
156393
156396
156394
156392
156409
156401
156510
156538
156537
156539
156446
156533
156517
156516
156541
156511
156509
156508
156507
156506
156505
156504
156503
156561
156513
156205
156618
156614
156591
156566
156600
156606
156540
156562
156492
156549
156548
156547
156546
156545
156544
156543
156564
156456
156464
156463
156462
156461
156460
156457
156459
156502
156468
156454
156455
156453
156451
156450
156449
156369
156476
156491
156485
156486
156482
156480
156479
156477
156467
156475
156473
156474
156472
156470
156471
156469
156501
156260
156371
156271
156269
156268
156267
156265
156266
156273
156263
156274
156257
156259
156254
156252
156251
156245
156282
156246
156264
156291
156290
156289
156288
156286
156287
156285
156272
156283
156242
156281
156280
156279
156278
156277
156276
156275
156284
156222
156213
156221
156220
156219
156218
156217
156216
156214
156244
156225
156212
156211
156210
156452
156209
156208
156207
155472
156215
156233
156294
156241
156240
156239
156238
156237
156236
156223
156234
156232
156224
156231
156230
156229
156228
156227
156226
156243
156235
156340
156349
156348
156347
156344
156332
154559
154544
156341
154490
156338
156352
154460
156339
154514
156337
156336
156335
154897
156334
156292
156342
156623
156360
156367
156368
156366
156364
156361
156365
156363
156350
156351
156358
156359
156357
156355
156353
156356
154974
154973
154881
154875
156331
156362
156301
156354
156310
155016
154921
157035
157019
157076
154957
157034
157040
156333
155012
157133
156307
154919
157125
157119
157130
157124
156621
157033
157049
156313
157027
157141
157016
157128
156306
156309
157036
156304
156308
157122
157075
156305
157074
156916
154790
154861
157055
157054
156970
157052
156965
154780
157123
154793
156930
157053
156925
156370
155017
154764
156918
154775
156320
157018
156300
156299
156929
157010
156927
156904
156907
156901
157015
157007
157012
156298
156985
156898
156902
156903
157013
157011
156919
156997
156906
157147
157014
157003
157005
157002
156989
157231
157238
157006
157237
157009
157008
157004
157000
157234
156992
157236
157229
157001
157233
157230
157262
157256
157228
157261
157242
157225
157226
157263
157232
157224
157235
157227
157250
157258
157255
157260
157220
157223
157249
157239
157252
157248
156296
157254
157154
156319
157169
157182
156330
157162
157161
157167
157247
157166
156303
157164
157148
157151
157245
157222
157160
157168
157211
157165
157215
157149
157170
157218
157155
157163
157201
157196
157171
157217
157216
157214
156891
157210
156672
156680
157193
157219
156678
156681
157186
156670
157212
156669
156894
156679
156675
156668
156682
156671
156685
156676
156699
156665
156695
156677
156691
156698
156697
156667
156688
156694
156689
156683
156702
156632
156687
156690
156686
156701
156640
156635
156636
156645
156630
156627
156637
156664
156628
156633
156626
156634
156692
156641
156643
156705
156812
156658
156653
156652
156624
156638
156629
156651
156644
156631
156659
156656
156661
156660
156646
156832
156657
156648
156663
156654
156650
156818
156649
156824
156647
156827
156870
156836
156871
156809
156814
156822
156796
156794
156788
156881
156789
156835
156703
156204
156861
156876
156838
156787
156877
156716
156852
156879
156731
156875
156713
156780
156712
156719
156868
156837
156720
156869
156715
156723
156708
156853
156777
156717
156710
156767
156711
156760
156762
156714
156765
156776
156725
156892
156755
156761
156733
156763
156704
155794
155772
155771
155775
155792
155767
155770
155765
155768
155758
155784
155773
155755
155776
155774
155769
155789
155735
155762
155761
155871
155783
155785
155764
155782
155760
155791
155731
155787
155733
155788
155781
155777
155790
155786
155730
155734
155727
155729
155726
155732
155738
155725
155779
155719
155757
155722
155754
155720
155752
155724
155728
155795
155740
155723
155721
155756
155746
155743
155848
155744
155753
155793
155842
155846
155737
155745
155847
155736
155741
155749
155845
155748
155739
155852
155750
155840
155839
155850
155841
155849
155742
155844
155843
155853
155869
155867
155865
155838
155836
155837
156206
155860
155835
155861
155868
155832
155851
155866
155857
155858
155855
155854
155812
155856
155807
155864
155863
155803
155800
155815
155862
155809
155859
155811
155808
155798
155834
155806
155716
155805
155830
155804
155801
155823
155802
155819
155814
155799
155828
155797
155796
155824
155826
155818
155827
155821
155829
155822
155831
155820
155833
155521
155817
155531
155529
155825
155527
155528
155816
155524
155525
155519
155718
155522
155526
155546
155544
155520
155518
155539
155514
155545
155523
155548
155482
155537
155530
155516
155534
155491
155547
155488
155535
155486
155538
155543
155536
155533
155483
155513
155494
155511
155477
155542
155478
155475
155480
155485
155503
155479
155509
155476
155481
155500
155552
155499
155510
155497
155493
155512
155504
155695
155492
155693
155505
155687
155684
155690
155506
155699
155496
155495
155692
155686
155689
155685
155681
155694
155676
155550
155682
155713
155710
155688
155691
155711
155680
155872
155702
155698
155683
155696
155567
155673
155706
155570
155705
155700
155703
155569
155558
155564
155568
155701
155554
155559
155562
155679
155563
155553
155594
155717
155556
155561
155583
155555
155589
155560
155670
155591
155590
155580
155586
155572
155584
155571
155578
156096
155581
155577
156085
155585
156097
156092
156100
156118
156099
156127
156093
156089
156111
156086
155870
156090
156091
156098
156119
156102
156101
156088
156103
156123
156125
156124
156117
156094
156116
156082
156110
156062
156104
156059
156109
156106
156058
156054
156053
156084
156107
156055
156105
156057
156108
156065
156079
156052
156063
156050
156078
156064
156081
156049
156048
156061
156047
156071
156080
156128
156077
156074
156051
156060
156069
156073
156072
156068
156076
156067
156066
156175
156126
156183
156185
156181
156075
156174
156201
156202
156178
156171
156172
156179
156182
156176
156173
156193
156186
156194
156198
156200
156170
156192
156180
156184
156203
156199
156177
156189
156136
156195
156168
156197
156188
156165
156144
156190
156191
156196
156187
156143
156167
156145
156141
156135
156142
156156
156139
156160
156137
156131
156163
156132
156164
156162
156134
156133
156129
156138
156146
156155
156161
156130
156148
156154
156045
156043
156153
155927
156157
156158
155929
155926
156151
156147
156150
156152
156149
155928
155931
156166
155921
155925
155922
155919
155917
155920
155914
155924
155932
155923
155947
155911
155916
155948
155940
155949
155915
155930
155939
155918
155943
155941
155944
155945
155937
155936
155938
155891
155935
155898
155894
155904
156022
155900
155897
155912
156020
155901
155998
155995
155996
156023
156013
156021
155997
155993
156002
155990
155893
155950
156041
155899
155994
156026
155999
156007
156034
157264
156000
156029
156031
156038
156040
156030
156042
155992
156039
156027
156025
156037
156035
156028
156033
156036
155959
156032
156024
155967
155966
155964
155965
155991
155960
155968
156044
155971
155958
155962
155954
155957
155988
155963
155961
155953
155986
155979
155980
155982
155984
155956
155985
155970
155983
155955
155951
155975
155981
155974
155973
155977
155969
155972
155978
155976
155532
155541
155881
155880
155507
155501
155587
155633
160500
160506
157071
160502
157513
162042
160505
160487
160497
160488
155629
157070
162043
160504
157523
160503
157519
154879
155627
154828
154598
162050
160496
161853
160493
155637
157190
160973
154827
154518
154520
157512
154575
162049
154528
162045
159601
154530
160498
157514
162039
162001
162040
158320
162041
157987
157876
158564
158578
158571
158558
158575
158577
158501
158502
158512
158537
158559
158504
158563
158561
158511
158576
158516
158514
158506
158574
158534
158565
158507
158499
158513
158566
158510
158526
158517
158503
158572
158532
158500
158878
158524
158562
158528
158520
158530
158505
158560
158009
158535
158531
158508
158533
158509
158525
158187
158007
158243
158004
158036
158041
158040
157960
158030
158015
158027
158037
158031
158038
158033
158035
158028
158006
158026
157962
157927
157941
158029
158039
158034
157903
158032
157897
157895
157947
157900
158022
157949
157993
157958
158003
158025
157901
157898
157994
157896
159290
158002
160766
159741
159725
157926
157963
159580
157982
159571
157991
157899
157996
159733
159740
159739
159738
159730
159727
159757
159748
159736
159755
159705
162483
162423
159752
159756
159746
159732
159734
162354
159744
159702
159762
159759
159747
159731
159749
159701
159729
159699
161980
159761
159682
159735
159742
159754
159726
162468
159703
159737
162436
159724
159743
159695
159750
159728
159760
162425
159745
159751
159753
159700
162428
162437
162431
162427
162438
162452
162429
162432
162294
162441
162449
162435
162272
162276
162443
162439
162280
162430
162448
162433
162277
162444
162267
162281
162446
162447
162440
162268
162270
155446
162442
162271
162445
162273
162279
162434
162269
155333
155219
162283
162264
162274
155334
155336
162265
155335
155342
155337
155348
155339
155328
155350
155343
155344
155341
155338
155375
155346
155323
155313
155345
155340
155325
155318
155330
155391
155321
155322
155319
155331
155347
155314
155317
155332
155316
155372
155381
155326
155324
155315
154524
154474
155374
155351
154901
155373
154905
155329
155377
155327
155320
154959
154952
155376
154933
154940
154953
154752
154754
154748
156297
154772
156312
156327
154749
156302
154768
154765
156322
156311
156326
156295
156318
156329
156316
156325
154773
156317
156293
157038
156321
157152
156328
156324
157043
156323
157048
156314
157221
156315
156828
157146
157051
157039
157042
157050
157037
157041
156831
156662
156817
156655
156833
156782
156775
156811
156718
155933
155517
155902
156890
156770
155934
156769
156729
155892
155913
155942
155886
155876
155889
155887
155952
155810
155884
155879
155878
155875
155910
155908
155888
155890
155903
155883
155885
155906
155905
155877
155882
155874
155909
155907
159184
154535
154715
159178
154713
159146
159204
154515
159355
154533
154566
154962
154532
159332
154552
154690
154613
159265
159099
154710
159330
154531
154581
154708
154569
157069
154640
159201
159305
154536
159177
154731
154709
154602
154628
156735
154537
159181
157068
154572
159054
159306
159880
159149
159155
154612
154730
159102
159148
