156909
158293
159389
154910
158841
160044
161628
160322
156910
160716
156520
158653
158652
161630
160692
160465
161624
155607
158547
160917
159093
162038
155126
160653
160564
154699
157424
159444
155605
160668
158404
154674
160878
157414
154698
160663
162224
160872
158813
154582
154348
154702
155125
161539
160888
156601
154647
154347
157922
155070
161683
161677
155450
155462
155440
161676
155426
157246
157244
157243
161684
154430
155235
161888
155079
155295
161906
161563
161914
154512
161916
161893
154657
161692
161651
154693
155175
155355
156700
156696
154716
154697
161660
156709
154445
156874
161666
156706
155402
156707
154688
157145
154701
156745
156749
156737
154428
154719
155368
154522
154791
155813
157017
154899
155515
155115
162024
155384
154505
155498
155508
154587
155502
157240
155310
154356
154700
154961
154694
154623
156465
156407
158554
158557
157197
158529
157209
157213
156666
155751
156639
155763
155759
155437
155766
155778
157179
155549
155715
156684
155489
156693
156741
156056
155540
155490
155712
155780
155551
155487
155708
155707
156095
155574
155714
156046
162426
155484
155989
155557
155575
155573
156083
155576
155704
156140
156112
156159
155946
155709
161849
156087
157188
155747
156070
159698
156169
155987
162421
155873
162424
154728
154725
155389
154357
157047
157044
157902
155452
160929
160949
157838
158672
161039
159554
157635
156730
157952
158726
157636
154707
159988
160519
158707
160508
156018
160330
157541
158588
158711
157835
157647
158583
158591
158651
159450
158633
158874
157787
157836
158589
157304
158245
158476
158598
158256
158247
159687
158875
158279
154703
158617
154625
156674
157431
154972
156942
158864
157488
161255
158470
157294
157310
157796
158479
157318
157969
157301
160436
158205
158018
158330
157422
158017
160708
160437
157794
161226
158329
160463
158857
160662
157266
157457
160511
158148
160454
161220
157365
160534
161233
157325
157538
161235
160626
160615
161210
161225
160616
160457
160617
160627
160754
160670
161224
160284
158839
160621
161037
161209
161206
160435
161038
160812
159617
161036
160751
159652
159696
159439
159690
159964
159442
159298
159583
160066
159547
159879
159642
160147
162396
159915
160067
159399
159815
162090
159491
162415
162182
159443
162200
159529
159406
162128
162361
159914
162081
159807
160103
159813
159535
162133
159449
159366
162234
159910
161968
162366
162196
161967
162380
162466
162469
162476
162473
162297
162256
162311
162374
161465
162315
161443
161328
161437
162334
161348
161431
161288
161856
161504
162250
161511
161775
161875
161331
161367
161298
161410
156478
161433
154718
161275
156346
156458
156412
156421
154815
154734
156466
156542
156345
154452
156425
156374
156343
158677
158926
158902
158898
158419
158480
159126
159037
159083
158423
157606
159080
158489
158498
159261
158485
159111
157834
159065
159137
159116
157839
159130
158496
158427
159212
159283
159213
157674
158482
159035
159133
159005
157614
159063
157711
158884
157616
158945
158951
157699
158892
158929
157887
159209
157812
159131
157646
157553
157550
