154364
161394
154371
162387
161885
157252
160745
161884
155484
155267
159086
155612
156417
154726
160735
161199
160847
159163
159124
161417
158667
157239
155420
155636
154662
161149
158717
157312
154845
157468
154657
162435
155822
155652
158446
154570
154516
156855
160564
154557
160329
158447
159653
157668
155277
157306
159130
158300
161818
155649
159440
161297
156129
157228
155825
154648
159536
162384
157233
160639
159153
161234
155315
155703
161223
157603
161422
159568
159384
155186
159171
155185
161558
159003
161778
155187
155602
155184
158368
158873
161302
157566
154928
157465
157769
161113
155160
160855
160112
154729
157151
159308
161200
155480
156012
157505
159532
161325
161756
161637
159187
156196
157756
161110
155552
156892
155303
155550
161644
155372
161727
159435
155950
155361
155967
155713
156814
155556
155310
161783
162392
160671
159118
159117
159211
155360
155424
158650
157982
158651
158649
161146
154579
159125
154730
154656
158297
159382
159606
155557
155053
161201
157504
156708
161305
162400
157957
162365
158096
155640
154952
162394
161514
155984
158869
162069
156398
159390
161378
157771
159493
159387
162284
161777
162289
158048
162290
161762
160447
154445
154924
158069
155383
155705
158533
157555
159258
158727
155973
155419
156658
156660
154920
156316
156466
156407
158049
155366
160088
155884
162216
156348
155467
160750
155859
155306
155183
155473
162213
156693
155578
154935
155435
158522
159121
160668
157551
154830
158448
159261
162414
160809
157494
159486
158525
155410
161786
158438
156456
156817
156230
157574
158842
161782
157250
159110
159981
156007
157549
160836
161764
156811
158532
159852
161684
161781
159008
159284
161780
159687
154594
157489
161425
154586
159490
162397
159494
154584
158095
154589
154638
154588
156731
155761
159636
162325
159522
156937
154460
158825
154632
160849
158824
154593
154700
155765
155757
158295
154585
158786
155341
160159
162364
157073
156042
161779
154630
161641
160163
159411
156034
161603
155238
155688
154639
154590
154637
154636
154633
159288
156215
154635
154587
154592
159289
161085
160002
161598
161632
161593
161624
161185
160851
161331
161186
154909
154629
161184
160666
155402
154631
159495
160468
159386
154634
162361
161157
161333
161755
159916
161573
156274
159414
159212
160565
154591
161597
161334
162363
160196
154474
161032
162408
156232
161424
160198
159145
158627
160212
160214
160557
156087
160207
162011
157484
162362
161327
160203
154478
160827
161763
162120
161328
160803
154973
161428
161329
161326
160675
158518
158379
161131
154967
160074
161536
159624
160469
158664
158605
161013
157642
156718
158535
160586
158574
161340
162141
161344
158536
161908
158568
160613
161426
155084
156533
162257
162256
160854
161936
161036
162335
162225
155216
157316
162255
158635
160179
160548
162317
161427
159571
162230
160479
159162
160802
161059
159575
160374
154950
160205
162235
162239
160669
162223
162241
162131
155901
162232
162341
162342
162345
162132
162294
162333
162300
160725
162320
160378
157130
162288
162299
161084
159572
162280
162293
162125
162115
157726
162372
162319
162340
160801
162126
162296
162329
162327
162265
162262
160551
162321
159019
162238
161599
156191
161194
156107
160513
159570
162097
160511
154552
162307
156055
162324
159576
159573
159067
162161
162159
162163
162278
159574
159482
162165
158471
161373
160221
161196
162162
159749
155572
158872
160364
162197
161198
158951
160358
160365
161639
161645
160354
158995
161321
155510
160363
160356
161542
158998
155747
157533
161549
159470
161189
160149
161192
157996
158413
161197
160730
160377
160853
157830
160808
161195
160385
158865
158632
159000
161190
156013
161527
160591
161625
159955
162331
161330
162275
161929
160512
158787
159578
159579
158785
159577
161386
161640
161784
157674
161600
158053
160903
162338
160848
157015
161423
160242
161582
160756
159694
158476
162411
158628
155653
161910
161911
158971
157424
161031
161060
160804
158836
158677
159806
158524
157508
158500
158200
157802
159797
159788
160239
160850
161304
159817
159812
159798
158497
160897
161649
159810
159823
159787
159785
159814
159724
159784
158681
161589
159792
162334
161410
158412
159802
159726
154869
159791
159794
158502
159801
159793
159818
158682
162311
160757
158483
158206
162315
158179
161225
158081
159513
158680
159160
161575
158018
159043
161523
159805
159811
158499
162018
158140
159803
159827
159808
157525
161420
159824
159790
159799
158131
161595
161257
158871
158458
161280
157090
162030
154461
158137
161191
159962
161220
158176
159804
159789
158021
159800
161385
161193
161384
158213
161238
158249
161247
161932
158493
158242
162118
161604
159477
161258
158948
161276
161858
158190
159021
161402
161271
161233
159505
161275
158174
158141
158501
161277
161272
158187
161165
158181
161265
161274
158204
161438
161351
161867
161355
161278
161279
159478
161273
161125
158138
160222
158460
158884
159035
161122
158223
161259
158214
161352
159087
161253
161251
159964
161263
158135
158218
158183
161245
158156
158860
162328
161262
159826
161591
158250
160217
157499
161616
159722
161642
158246
154951
158861
161250
161244
158411
158245
157349
161584
158812
159084
161401
158134
161615
161623
158854
160623
159267
161601
161543
160653
161627
161479
161540
160096
159161
157365
162034
159159
162316
160107
156833
159757
162312
159863
161702
159681
161978
160387
160141
159158
157960
157128
162031
160094
159157
161665
162314
161037
162322
161038
159968
160388
159979
158706
160510
159363
162029
159969
159156
162318
158604
161905
159967
160509
159971
159970
157375
154811
159786
158947
159796
157027
