155101
155407
158840
157790
159918
159304
158839
154871
154876
156252
158838
155943
157245
157243
158678
155633
160971
155443
160697
157628
156671
156444
157528
154428
160680
155418
156850
161880
156295
157835
159168
158092
155806
160465
156903
158159
156925
156440
160656
159535
156408
154919
155577
160704
157326
155614
157229
161081
154885
157308
155325
156387
156386
156670
156400
156630
155655
154903
160515
160707
161802
154429
160703
160344
156912
156662
156590
160302
157821
154931
158562
155775
160933
157786
155648
154531
154382
158160
156956
155981
160686
155629
156251
157571
159917
156482
161708
155331
160845
154670
155126
162206
156289
159088
156652
156867
159370
155122
155790
155630
155525
154389
158122
156779
155637
157757
157751
156585
160683
161019
157158
155180
154384
155893
154823
155342
154404
155164
156005
156459
159911
157583
162398
154405
161100
160645
157902
156607
154886
156416
154714
160506
156888
155124
159055
155632
154776
160698
157572
160108
155894
160658
161098
161324
156778
156815
160291
161095
155208
155540
158888
160084
154779
160494
156237
156465
155191
155628
161018
161096
156332
158051
154718
155900
159992
154719
154773
160634
155152
162436
157546
155392
159598
159610
154846
161099
154717
155151
158275
156812
156816
159327
154720
156226
159221
157500
158050
155248
161726
155270
154721
154543
154791
156448
160632
160491
157359
155764
156826
154518
157495
161801
158488
154989
158550
154775
157993
159251
158363
155210
160966
161816
161147
162003
161097
155827
155644
156153
154520
157201
157217
156314
159120
159116
154962
155226
159976
156586
156263
161309
156998
160930
155813
155200
157547
160807
154397
159977
161094
158740
159537
159654
155593
157302
160503
161810
159548
154346
154797
156959
156745
155403
155647
157793
155855
160401
156910
155580
160663
155282
155094
157836
162036
155736
155725
159215
157086
160721
157333
156831
160650
157280
155818
155769
154519
160402
155273
154691
155230
159377
160810
157309
154521
157223
160129
160860
161745
157570
156583
156864
157490
157483
155819
161539
154348
158009
161725
155285
157213
157335
161744
160288
161724
157301
157176
159374
159512
156749
155385
156018
155651
154463
157501
161551
155281
154912
157948
160929
157310
155658
157325
159430
157332
159358
155627
160665
154413
160299
154400
157271
157212
157272
159922
157576
155821
155129
157472
161104
160648
161824
157397
161188
160688
157170
156780
160626
156695
156696
156265
157288
161107
157237
158616
162452
157619
160949
159626
157810
157854
155272
161586
156724
161148
157991
158596
155694
160762
158391
155279
154763
157859
162396
158890
161840
157986
157244
157305
160520
157984
158741
161823
162402
155002
159679
154612
160523
155696
156940
155826
157275
159685
156798
159439
160687
156133
161152
160437
157313
161696
157324
156009
154762
157207
160522
157279
160524
159106
155856
155274
155209
157581
157602
159391
160295
157211
160296
160521
162385
160508
155108
154790
157321
155015
155038
154978
155545
159113
157254
155288
157304
154937
159873
155824
158742
155106
155286
158404
155276
160406
161580
161876
155105
154421
155376
155107
158686
162379
157240
156546
155268
158337
159871
155823
161563
160636
156193
157542
155592
161150
159987
157311
156216
156784
159870
154921
155356
160313
157705
158010
155269
155072
154533
157225
155461
155020
157730
156803
160907
155459
161227
157281
161694
162390
161695
160846
154854
160007
155650
156619
157121
157242
158704
161838
157389
159545
161564
160132
155170
159099
162393
159151
159223
154705
155643
159005
154703
155604
155697
156372
160828
157493
162399
157220
155089
159876
155816
159012
159357
160976
159840
157416
156604
157226
157768
158378
157989
161817
154990
157630
159104
161568
161878
156594
160311
154751
155088
154372
154503
156373
157232
159603
160912
155731
157181
155631
156137
158999
157706
159014
159298
155090
161740
158874
158624
158908
154669
156894
159450
161630
154908
155453
160472
155275
156549
154911
155579
157409
159149
155112
154498
154913
155231
159152
160220
157631
156003
157987
160303
160477
161855
158407
154517
160977
158285
155609
161517
154699
160664
155994
158387
156004
154738
158279
159335
157235
160270
157056
161882
157573
161825
154993
155158
157274
160267
155032
156138
161547
160678
155559
157871
160268
154965
157707
154440
158881
154889
156161
162409
159336
154651
155196
160934
154376
160269
157479
161483
160667
157803
155007
157348
154544
156990
158603
154434
155001
154698
155814
159433
157629
159454
155040
157964
154664
154987
159227
160016
154415
156992
161610
159425
156895
156612
157838
162381
154982
157208
161114
161974
159154
157543
157042
154986
157020
160641
157451
154555
161733
157626
154754
158167
161112
157883
157652
157837
156926
156928
157153
155181
161916
157710
156002
159531
159538
161236
157946
158065
157881
155501
158472
156599
156900
160939
157246
154370
157635
159147
157896
161286
161151
157035
159252
157040
159020
156846
161006
156250
154507
161292
156880
157553
156820
157627
160947
156559
157463
155573
160320
154882
156001
159270
157227
154728
159923
154853
155149
160283
156932
158489
159115
154598
155311
155150
155348
158006
161103
158278
158399
154706
154850
160961
157303
157502
157178
155252
157556
161102
156019
157034
154880
161101
161485
154383
156582
161964
156865
154746
158047
160505
157733
155449
159877
157222
160275
157554
157091
154606
155211
156520
160682
155561
155308
156783
155093
155869
156411
160754
161952
156785
156273
161791
156608
155933
155709
161790
155897
160173
159864
156537
161115
160351
156849
156543
155720
155560
155702
160945
155439
155339
155213
157036
159096
159533
161621
159112
155147
157033
157221
162439
161205
157621
156647
155701
156754
155148
155781
157791
161111
155613
159880
159534
155939
155499
156540
159376
157219
159178
154731
157488
154960
156906
155546
155964
154945
159114
154409
156008
157832
157455
160829
155314
155349
157209
157878
158274
155490
154447
155638
155411
157282
157315
155575
161089
160330
159865
154961
155555
159255
157816
156015
155494
155491
155551
155717
156994
159762
155367
155161
158843
161669
161153
156017
161015
158365
159103
157030
159539
155454
155487
159594
156134
156722
161676
157417
155250
157238
156321
155445
157753
155294
161793
159867
156358
156544
155548
155721
159006
155483
156854
158739
155767
154781
154926
159097
156293
161798
157770
162007
160635
157256
157464
157300
156764
155563
157037
161906
155707
157234
158679
156797
159254
155715
157453
159280
157029
155711
159246
155562
157038
159123
159279
162434
162183
161750
156799
155660
154795
156606
161697
160102
161058
159071
160672
156965
157299
160076
159132
157273
157230
156140
157044
160035
156916
154983
155214
161560
157224
158366
155414
157126
154742
161108
159278
161211
160046
156881
154534
159249
160054
155440
156327
159868
158346
155493
156618
155611
161737
154622
157215
160694
159422
155634
155436
160532
154497
156259
156955
161061
154686
155202
156539
161822
154353
158791
156141
159652
155582
156915
155278
155452
154411
156116
156538
157930
156913
161753
160647
155603
155227
155026
155236
161511
158737
154575
161025
155188
159564
155235
157297
154529
161807
156541
159541
155027
156522
154366
160980
156746
162437
157929
155768
157076
156547
159127
154602
157648
157193
160022
160339
158784
162410
157928
159299
159129
159070
155312
156545
162386
155167
156751
155138
161116
158796
154943
154368
158469
159247
157419
157605
156786
157320
155290
159126
157122
161687
156891
155014
157846
155264
157823
154666
154530
160843
157089
160981
155412
159933
154877
161541
159045
159015
158289
156735
161689
156560
162215
155714
154419
161039
157781
157314
159434
154805
157492
161680
157661
156600
160023
161055
157695
154739
160747
156825
157879
155378
155095
157580
160637
155455
155469
157529
159558
160345
156257
155716
157601
159365
160627
157043
154792
155639
160722
160376
157351
154902
159479
161683
159090
158325
158011
162395
155116
157600
155022
161739
162438
154985
161291
155221
154535
156978
158043
154508
156615
158184
154381
160057
156971
160908
158978
157487
154916
154688
158665
156610
154506
158408
157820
155177
162382
156120
156516
156806
155251
156493
160328
156595
160066
154927
160030
154789
160500
154674
159526
161550
162067
154940
155544
157138
156752
161557
159921
154352
158298
155554
160833
159101
156847
158396
162072
162066
157544
162073
159095
154690
157842
157456
158322
157329
155706
162070
155168
158597
155137
160724
159105
155074
158712
159119
159527
158406
157741
157411
161444
159929
159489
162071
158765
162074
155558
155677
158380
157291
154468
154414
154349
159092
159245
156467
162075
159919
162373
162297
155549
157978
162207
160018
155127
159248
155004
156972
155486
154810
155656
157888
154485
159253
156781
155925
160837
154992
161705
156613
154659
157683
157330
160727
162068
155944
157482
160812
162295
157119
160048
161647
162292
160996
159243
156580
156836
161020
158364
155128
160232
155086
158386
154576
160166
160461
157412
155488
155786
156851
162076
157992
157669
156828
160068
159905
158121
155843
159426
157696
159007
160110
156813
159102
157567
160024
161008
162033
158764
159901
161931
159069
160189
157698
155157
154964
159241
156666
155319
160049
159651
155153
159706
157023
157703
157507
155718
156835
159208
161692
157702
154956
157701
155841
155215
157697
154914
157671
161617
160628
157704
158008
156976
155166
155771
157700
156977
161917
155850
158315
156790
155212
155291
161628
156569
158537
161016
161022
155836
155851
157186
156049
159381
154452
161005
159214
157595
158563
154936
154471
155159
157557
158314
156975
160978
159250
157462
154955
154649
156488
156490
157031
155848
155837
160034
159191
155847
155109
155377
155547
161620
156523
159959
159834
155699
161545
159649
154996
154566
155809
157729
161587
158308
159897
159333
155840
157579
158523
155835
162209
155845
155830
157236
160621
155317
154734
160188
157684
159326
157486
156426
159458
157477
160119
155710
155832
156384
159581
155839
154671
159375
160736
155365
156636
155834
159588
154510
158451
156819
155318
156656
154855
159457
156743
155846
160681
156378
156665
155833
156318
156379
157024
154597
156651
161554
161079
155849
154923
155979
156453
155110
155371
156315
156319
154470
156664
156264
159980
156413
158003
157550
159068
159930
156458
160924
156643
160294
160248
156371
156397
155220
162219
155829
154702
156527
156650
156320
157159
155970
156392
160830
162391
161571
154354
155427
155463
155350
156171
155387
156410
156376
155353
156163
161346
155929
161470
156641
155989
157478
162217
157834
157839
156634
156611
156672
157127
154958
155930
157594
155864
159931
156401
154858
155779
156449
159935
155482
159973
160834
154796
160863
160649
156614
161605
160397
155926
155795
161935
160106
154942
159180
155801
160450
157752
160824
158301
162211
156347
156904
156827
161609
156173
155940
156648
154680
156214
157450
155358
156642
155316
155956
157994
160726
156639
156202
154755
158726
156363
159940
154847
156169
154545
157261
162415
156346
155952
155985
155416
156419
156475
155553
155432
155888
155886
155777
155927
154459
155924
155881
155874
154953
155908
156432
161736
156626
156282
156450
158299
155954
159483
154422
155338
155441
154697
155398
159484
161819
156631
159052
154658
159242
161761
155320
156668
154673
155793
155811
157586
155396
154652
159352
156337
157255
155958
156423
156342
156415
156443
156224
155807
155335
156283
156385
156383
156326
156434
156474
156446
155910
157526
159934
155393
159936
156644
155446
155442
155334
155961
156441
156479
155907
156438
157476
155423
155330
155772
155880
157904
155576
155861
154655
156460
160237
155882
156439
156271
155812
155951
155346
156394
158512
156649
155980
155369
155496
156324
155957
155904
155774
155858
155799
155875
154747
156362
156629
156364
156427
156624
161673
162218
156421
154774
156244
155800
155805
155798
156477
155982
155878
161285
156286
156396
156464
161021
155307
155355
154807
156454
159234
156468
156418
155329
156340
155433
156424
156302
155421
155425
156336
155726
156445
160085
155783
156655
155978
155444
156480
155972
155899
155992
156361
155719
155571
156425
159210
156298
155347
157670
157675
161613
156684
155808
156345
156366
158549
156402
156470
159235
154472
156657
155862
155915
157616
155362
156223
155993
155792
155949
155803
155406
154488
156681
155898
156801
155394
155962
155434
156375
155485
155528
158710
155370
155426
156414
159939
155873
160910
160263
155357
155295
155969
156405
156194
155971
156690
155916
161318
156329
158361
155877
156380
156186
155375
156292
158653
156179
155785
158716
158850
155860
155902
155797
156463
162287
156231
156367
154756
156225
155780
154653
156360
161319
156227
155887
156393
155870
157196
156462
156621
156683
155883
155796
156335
155872
156323
160979
156748
156640
156189
156220
156692
156243
156472
156341
155953
155909
155698
156412
155380
155975
156390
155390
155866
155788
156236
156409
156399
156452
157134
156299
155983
155354
155968
155977
155879
156377
156430
156686
155986
154890
155778
155945
156382
156322
155728
155776
156661
158589
156217
155955
157425
155460
155802
155337
160226
156307
155941
155408
155304
156907
155791
155695
155475
155931
156370
155885
160942
155966
158432
159260
155918
155431
160191
156266
155804
155249
156388
156301
156180
159948
154628
156317
156766
156473
156435
156203
156207
156246
155891
154857
155727
155867
156339
155374
157958
156284
162212
154800
155991
156461
160195
156233
161548
155782
155359
157582
155298
161656
156633
156422
161896
156210
155876
158074
156451
156219
156198
156433
155389
156310
156205
160194
155789
160974
158670
156213
156685
156296
155479
156632
155773
157541
154944
156767
156478
158733
155581
156177
156333
156121
155890
155243
155868
156188
156431
154907
155470
155462
155863
155865
160081
156344
155476
156476
156389
156221
156331
156420
156234
156288
156122
156229
155388
156694
155351
155995
156436
157725
160409
155932
154922
155345
155723
156300
156659
156622
156691
156469
155942
156287
156442
156238
156328
155857
160464
156635
154663
155373
156429
160928
156676
157028
155692
155676
155395
155672
154750
159960
155363
154645
156687
159648
156242
154799
155299
156688
156404
156175
156204
157485
158417
155963
158546
156403
158729
156391
158390
156222
156675
154558
156209
156211
157454
160449
158728
158394
156368
155917
156240
156447
156406
156108
156235
160193
159213
157997
156306
158334
155588
160926
156187
156645
157150
156369
156603
156297
161414
154640
156563
157552
156228
160224
155400
160190
156457
154392
154974
155313
154979
157458
156697
156969
158473
160262
160253
160258
160250
159351
158513
156678
159349
154393
160252
158452
156359
155889
160259
160706
160257
159350
156305
160261
159938
158554
161183
154910
159413
160235
159491
160255
160260
162378
154565
154625
155928
154904
161839
160234
160256
160254
156190
160187
156902
161686
159487
154806
159492
155457
155784
155465
159348
160186
160233
160125
155162
154963
160783
159122
157471
155011
155642
155474
159543
157813
158318
155759
160831
157981
160776
158434
159496
158783
154957
154528
160915
160115
157457
156736
154824
156602
154394
160114
155477
161803
156839
161631
162286
156495
160117
160116
158450
161456
156890
161007
160225
160192
156183
157559
161106
158558
162208
160228
158645
158431
160230
161579
159851
162469
160285
159257
161533
156308
158416
160327
162282
158313
155087
158439
156325
160338
156733
154432
156486
160231
156726
158312
155068
157143
156762
155616
160161
160227
156130
161512
157956
161556
161181
157376
160033
159385
161743
155666
156311
157667
158007
162298
158654
160031
154833
160690
161070
162119
161711
154433
160298
160079
161570
157575
157318
161889
156095
156866
154843
156510
161973
155199
154780
160229
157814
159131
157979
158517
154859
155136
155492
156065
156052
159770
159256
155817
157615
161572
156581
157732
161943
156028
157133
160676
160055
161633
157746
157077
154748
154905
157531
158335
155096
157423
159645
161000
162466
154571
157082
157722
156455
158280
161374
159945
160504
161375
157877
155241
157758
161928
157577
156038
161553
157637
154984
155224
160821
157962
162374
161515
156031
154431
161976
157676
159481
161175
158465
154932
161463
159957
161583
158557
160160
161635
161464
157378
154367
159952
155451
160168
156760
158001
161180
161178
160763
160040
155239
161477
162281
156374
158440
158734
156832
162459
157666
155601
160104
161666
160685
155323
160922
157811
155245
158419
155762
158822
155842
158405
157759
156701
156517
155760
161468
156617
157192
154532
155730
155976
159521
157743
162136
161177
156823
160111
159523
155240
162412
159362
158821
155292
156901
156985
155244
156838
155758
160373
156201
159643
161524
156878
156970
159647
161176
159567
159642
161567
156703
156260
160546
158341
160020
154450
157963
160932
160162
159589
154873
160997
155193
159379
159360
157766
156343
155735
158340
161920
155154
159451
157828
159644
159650
161713
160164
158511
159356
162121
159646
154975
156079
159599
157826
156099
157824
161411
160738
155787
155190
154457
158338
158373
154879
159437
159555
161231
156848
157827
155521
154836
156109
156765
161156
157825
157120
155242
161162
155504
156066
160167
161939
158068
158927
159760
161161
161797
155405
156689
160158
156395
154455
154369
161796
159438
160265
155937
159094
161923
155327
154475
156628
160439
156381
159839
155237
154782
161441
155287
162038
160543
159831
155938
160165
157452
154569
156050
159359
160806
155333
161388
156437
154837
157136
157101
155810
161926
155207
155751
154661
155892
161174
156294
161173
156471
158331
156548
159623
154844
161813
154839
156127
162154
155770
155750
155923
155438
158852
157847
161179
154842
156428
159415
156182
159361
156558
161718
155332
156143
161970
161182
157420
161927
159734
154841
162313
161029
156132
156174
156682
157624
159488
156192
158703
154840
157070
156136
154834
156663
160909
156184
158123
156239
161565
161585
156776
156334
158321
162468
155464
155766
155246
156142
159753
156200
161057
156312
159768
159994
155156
156148
155471
156131
155763
161806
161087
157901
158648
156123
156165
156616
159774
154451
156646
161538
161086
159975
160174
155448
156677
160284
161934
159372
156680
158711
161679
159835
154838
155974
154917
160078
154390
160286
160528
159692
160973
158519
156920
159763
155960
158539
156313
156921
155489
159688
154972
154554
157840
159563
156924
160069
157955
159389
156922
155722
161552
158097
154454
154849
158845
155472
154872
158475
161922
155570
161336
155663
155437
160962
154835
158543
159108
156861
155324
154453
155458
161159
160993
157719
158848
159181
157596
159331
157617
160131
155301
160297
155746
156885
160126
161490
156275
155903
154458
156755
157584
155987
160099
160282
155724
154596
161109
161510
156525
155565
161163
158875
155481
155498
157625
156822
159958
156679
157869
159471
161612
159878
159148
156857
156973
160070
154878
157358
160446
157405
154613
156524
159547
159560
156290
156542
159995
160975
156526
160015
160625
160713
158516
155693
159862
156730
159828
158327
162040
157874
157762
159410
161481
158556
157872
155117
162039
158515
161155
155468
161167
158474
159432
158339
156511
154933
155478
154547
155729
155466
159164
161581
159638
156712
159846
158542
159713
157658
161638
157538
154403
156197
159966
157105
157659
154512
158119
157530
161154
159455
160430
156285
162171
158555
159731
159553
161814
160556
161948
154827
156330
154809
159080
159542
154511
158514
161003
154627
159075
160555
155745
155118
159077
158510
158521
154831
159637
161716
160039
154929
160086
158701
155135
157385
159595
154626
156253
158420
158342
154484
157007
154401
162010
154391
155599
157214
161447
158320
156502
161871
162008
155674
161691
160240
159165
154546
159937
161489
160712
162377
159107
160630
161942
161899
158005
154866
162009
157403
161969
160280
161493
157444
154505
161009
161482
155600
158323
157001
155740
160459
155495
155232
161590
161027
158118
156587
158602
159639
158617
158979
155594
158125
156139
159074
159431
158575
157947
155009
160071
160403
161531
158382
159886
159076
158303
160677
158388
157003
160427
158384
159889
156508
156886
158846
161026
158385
158561
159899
159887
161453
156503
157723
159625
156601
157142
156995
155013
161957
159540
159883
161958
159909
159888
159078
158470
155752
161466
159079
159902
162388
159081
161655
159900
160172
156504
154483
157773
160083
159891
159890
161445
159893
157717
157765
159896
157074
155675
156742
156809
157427
161371
156172
159953
154549
161370
154998
157075
159089
159150
154915
154469
161372
157125
158849
155115
157008
159609
154595
156044
158383
161450
157124
158071
159884
159082
161369
161080
154851
158813
161930
159601
161962
161843
161487
158296
157004
156588
156589
159894
162037
158418
159885
159892
157009
157002
159640
161844
158437
157561
159898
156485
157959
157000
160950
154740
161956
161011
162098
161519
155689
161873
158287
161492
161622
161458
159592
154887
156021
160118
159259
156852
159083
156272
155687
156914
158520
159166
159190
155046
156291
160443
161681
159053
158367
160393
159816
159904
157005
157055
156267
158328
158045
154583
159869
159155
159809
160919
158545
160428
156277
154941
157087
161851
161894
157377
161473
155671
161496
158566
162467
157522
160445
162122
159847
155574
160618
161345
154641
157633
157873
158544
160654
162006
157634
157006
161804
156078
154863
157137
154581
158124
157523
155134
161944
155119
160619
159109
161872
158534
161693
155934
160101
161526
157632
157080
154355
160631
160176
161521
162210
159188
159412
160182
160143
161446
159758
158392
161741
161953
154828
158288
157903
160178
157829
154918
160065
155896
160624
156505
159111
161938
156944
161826
155595
160012
161455
157414
161381
155597
154826
160617
160398
161682
160103
161827
156506
157413
160620
160537
159330
156507
161475
156673
162061
160545
155598
157798
160615
155596
156112
154611
157650
160611
161874
156758
159209
159777
161811
160183
156014
161678
158629
157022
161577
155143
154548
159845
157636
162086
160646
155284
158079
157660
162250
159416
160184
159830
161677
158477
160337
159368
159951
159997
160534
160181
160185
162252
162253
160616
160612
162249
159641
158708
162248
162155
160570
158377
161949
161520
162254
161522
158730
157093
162113
161903
162158
159783
159427
157618
160238
161078
159766
154870
159829
154832
162133
160144
159764
158381
156241
162247
161056
157092
159781
158267
161887
159773
161529
160375
154536
159832
161337
159463
160400
159767
159769
162273
154881
162056
159779
160541
159759
160177
160180
156713
154741
159841
157721
159460
159842
162135
159772
160622
158064
158060
158046
159778
159761
159562
159464
160367
156518
160935
159780
158059
160368
155085
160369
161672
158061
156521
160370
161915
159946
160171
160405
162143
159903
158238
160384
157593
159056
159843
157469
159057
160366
160371
155066
160372
160175
157088
162251
159771
159844
160994
159949
160995
157789
160563
155289
162228
162058
162063
162130
162129
155067
159272
162060
158057
158830
162138
158588
162064
162055
160431
155283
157172
162137
162237
158058
162065
162057
161993
162360
157953
162087
162346
160433
160614
162186
162285
161090
162339
162234
161992
162336
154712
162140
156918
162337
162059
157447
154682
158063
159466
160434
160432
161088
162134
160169
162062
156170
157107
162188
162344
159332
158468
162204
158329
160544
160526
160346
160576
159974
160386
160918
158954
160379
160914
160600
160353
160575
162187
162184
154692
156738
159054
160552
159765
159022
155754
161083
160574
160580
159441
160289
162181
162283
157210
162291
162109
160568
159465
159485
162139
159452
162301
162190
158952
156101
162116
160533
162114
162185
162192
156930
162127
160559
158264
159177
157980
158705
162330
158403
160723
162332
160572
162124
162117
160573
160350
157727
160581
162128
158921
162054
158957
162193
158330
160343
155296
162108
160954
159459
160610
157527
162191
162267
162323
162260
154456
160547
155228
162259
162101
160383
157724
159671
160554
160550
157795
162178
159947
162150
158302
156096
160553
159932
160558
157923
162246
158953
154438
156309
159421
156023
155141
160562
160480
159677
162013
156989
159546
162326
162194
160594
157728
160560
162112
160571
162305
158030
155017
160595
160569
162306
156268
162242
155297
155399
159815
156056
155988
162177
158925
155646
156022
156020
156071
160549
162175
158923
156199
162174
159748
159341
162110
160597
162189
162245
162100
159678
162308
158319
155386
156654
157750
156058
159062
158982
160596
160395
158920
156061
161347
162236
162243
156085
159825
159290
156063
159461
159060
158945
159058
156054
162111
158924
159065
159462
159807
160601
159061
156059
159059
159699
159822
156062
162014
156074
159203
159017
162309
161544
162244
156669
156081
158942
159063
160380
156051
162042
160028
162303
158062
158236
159693
162107
159819
160585
162180
162302
160603
156032
156057
156064
162279
159202
158586
162160
155060
162166
159925
162274
159813
162271
159528
162272
156027
162148
162167
161971
156077
162310
158590
156060
162095
158456
162168
156073
162269
156084
158820
159732
154387
162182
162093
160539
162092
159820
160579
158587
156047
156053
154386
159744
162263
156045
156040
154538
160605
156035
158959
158595
162085
155144
158997
160606
162091
159738
156067
160578
162304
157347
160583
160609
155343
158819
162366
162094
159746
162195
158054
155743
161091
162149
162229
160588
159741
158024
162151
156593
156039
158594
156037
155946
162164
158571
160584
155912
156069
155352
156025
156714
159755
155680
162214
161320
156720
159472
156350
155683
157083
161092
156080
156046
156705
158950
158958
156076
156700
156036
156278
156927
159735
159566
156352
162173
156030
156029
156710
156349
159737
159739
155513
156707
160582
156269
157167
155515
158395
157182
162027
156717
155685
160604
156041
158922
157166
155922
155947
155905
156702
155690
156898
156357
155567
155686
162088
161532
155302
155522
160608
160607
158919
162090
162089
155450
159093
158928
156872
155913
155512
155322
157168
155155
160223
156279
156719
155506
156097
155919
162240
156699
156043
158955
156154
155741
159736
155508
160542
155340
156072
160105
156075
156024
158565
156128
155568
160530
155684
156711
162196
155749
155519
156083
156111
156070
156160
162226
155507
160885
159715
156304
162268
156150
156168
155447
155682
158735
156110
155422
155326
159742
156355
155737
155511
162380
162201
160587
156706
158956
156088
157404
157647
158490
158491
162198
159725
156098
159745
156093
156715
156086
155921
155920
155742
155518
158591
162145
156158
155670
162144
155990
159436
155368
155429
155509
162200
160527
155328
160893
162258
157720
155391
161171
159751
156353
158944
155935
156351
156993
155516
160875
156100
156149
156144
156698
156155
155681
156167
156026
159712
158282
160969
155948
160873
162179
159580
162205
155430
161166
158994
161168
156356
156146
156106
156245
156090
162266
159717
156716
159733
160602
160382
155755
158145
161170
155409
155514
158940
160900
155401
155321
155016
161164
156741
155744
159714
160362
155959
155517
158926
158371
159752
156354
158164
162176
162202
160359
162153
159729
156159
162463
158983
155911
162464
158163
161004
155679
156280
160352
162276
155397
160210
155523
158265
160215
160204
155309
156276
162203
158372
162367
162172
156704
156068
160281
158263
160279
159591
159728
156667
159750
160218
162079
156157
162147
161800
156091
160197
159721
157931
156176
155739
158946
155520
156620
159711
155914
155906
160213
156092
156156
159747
154439
154716
160357
156102
162099
155753
156303
156509
159201
160216
160529
156151
159696
159467
160889
156164
159730
160206
160208
159608
155505
155502
158991
159740
159704
158996
156254
156152
155738
160199
162146
155336
160525
159703
160473
159697
159723
155384
159719
160876
159676
156103
160201
158376
159700
158985
156104
162199
159716
160211
155404
159705
156089
158993
159727
160714
160902
160715
159633
160536
160887
157844
160407
160531
157663
156135
160890
161751
160592
158098
160209
159629
160895
156105
160170
162050
159695
159718
159702
159691
156804
160123
159268
160124
158866
159756
159710
158792
155748
159128
156119
160147
158992
158025
159961
158990
159476
158234
157764
159698
158989
157610
156118
160219
160202
159091
157945
161204
159172
155364
159469
162080
159701
157833
157145
157146
158235
160146
159709
159708
161768
159690
158076
159689
158240
159473
157539
157641
158031
160200
158492
158913
160293
160013
158987
159474
160150
158981
158343
160148
154564
155018
158032
158986
159525
160891
158029
157852
158027
158980
158984
161765
158026
157990
161850
159775
157952
162264
160598
158988
159192
155662
157868
161731
159004
157643
160744
160937
158023
159468
154398
161774
157449
162096
156048
160955
161472
161770
158389
158082
157862
156484
158814
159378
160381
160599
161776
161160
162456
160968
157644
157983
161014
161771
160462
162261
159204
158753
155566
158841
154753
158233
160589
156899
155029
158113
159635
161093
160590
158232
155610
157171
162458
159388
158633
156033
162277
161509
160856
158941
159066
160130
157537
161158
158239
160593
159613
159064
161912
161534
160153
158610
160348
160399
161754
155039
160857
158004
161001
161465
159277
161963
156709
162270
157260
156270
161769
160029
158917
158107
160894
161909
160444
158237
161972
158241
158100
159205
157141
159281
160670
160879
154749
160347
158093
156082
159355
158779
161412
160883
161028
158509
154976
160273
155936
158915
160470
160878
158066
157745
156094
161895
159236
155756
158105
160967
155503
158911
158636
161494
158736
157849
161504
160901
161772
161773
160466
156923
155965
155691
160467
158916
156494
161766
160404
157104
160881
154477
157673
161775
161717
158564
162369
160877
158102
158067
156162
160868
160882
158918
157422
157604
158397
161767
158195
155192
161555
159050
161105
160896
158272
160892
159743
157402
160874
160899
158802
159999
158360
160481
160460
162053
157623
159207
158826
158976
160092
156896
160904
159707
157870
159100
160880
154787
154794
160000
160872
158623
158111
161462
159373
160920
158441
161789
154812
161719
159047
155667
156830
157532
157415
160888
158914
158273
155024
159587
158614
154939
154701
157019
158909
158661
160396
158414
154819
159836
160925
154808
154373
154813
154374
159556
161588
157169
154711
154375
160826
162035
158494
160463
154817
158732
154821
162454
160956
158116
156761
160436
157388
159720
161792
161919
159275
160151
158498
154406
160251
160938
159337
161053
156256
159990
155142
156863
158117
157569
155247
157578
160825
156564
158508
154816
160100
161967
161869
158435
157410
155131
158199
160898
158977
158393
158702
157387
157054
157853
157085
158638
161722
161282
156824
158972
155082
154820
159585
162023
160652
158191
160953
161075
154822
157841
158126
160927
162401
158793
160629
161721
154814
157568
155146
157788
162413
154867
154818
161729
154862
159453
161537
158761
156117
158834
158609
158620
161794
161501
160249
158171
162368
162019
161730
162016
160948
159392
157014
158108
158975
156879
155233
157591
161914
157613
157799
158073
157111
155103
157445
158075
158270
161235
158480
161299
159631
161955
157865
157474
159383
158193
160886
157941
161723
157016
158759
159630
156739
159507
158035
157078
156862
161480
155665
158112
159449
160957
157920
155099
158192
159517
159821
160944
155615
158040
159557
159340
161498
157767
157012
157800
158201
161738
157787
158271
160142
160766
158345
161418
158851
161421
158034
155618
158478
160963
159338
162471
161950
155139
158041
159982
158974
161376
162472
162470
158625
158484
161888
158042
157815
161500
160133
158015
158449
158197
158344
159632
158496
159983
158033
157801
158056
161596
161860
160958
158618
161979
158037
158196
157919
158457
161296
157763
155059
158039
161941
161442
155591
157046
159882
157017
155163
157011
158572
158038
161891
157461
160936
156883
155668
159506
158486
159503
156763
161408
157785
161379
155047
158036
161377
155048
161294
160390
159514
156637
161295
161688
161406
158720
158268
161403
158622
161471
157481
157863
159795
158266
155664
154864
161121
161925
158931
154412
161300
159524
157779
159018
161890
158198
161129
158626
159515
160538
161924
158189
161933
158506
158172
160120
158495
158507
161457
158763
158433
161491
161961
161130
158016
158188
161467
157927
159314
158269
158020
160692
158185
158634
158541
157258
158671
154977
159306
161469
161226
161215
158362
158485
158109
158912
158152
157950
158207
161256
158930
160952
161893
161382
159313
156782
161812
158505
159475
157084
154934
158143
161429
158895
158139
158943
158837
161217
158205
161478
161254
159510
162012
158503
161404
161476
161407
158130
158028
161448
161127
158504
159283
158910
158256
161488
159282
157738
160661
161452
161216
158637
159031
161210
158194
161224
158641
158220
161946
158148
162081
158487
158369
160921
161416
161239
160691
161759
158612
159042
157760
158886
161380
158022
157961
158186
160940
161785
161866
161246
158607
161358
161072
161886
157470
158949
161959
158136
157924
158077
158151
161135
158180
157079
161863
160906
159511
161945
161495
161857
161868
155606
157875
158147
158247
161986
158219
158631
161439
160476
159670
158115
158592
158882
161900
160941
161218
158640
158906
158208
161126
159965
161981
158885
158896
161139
161240
159032
160917
154815
161982
159508
160693
158014
159501
161356
158210
161528
154559
158611
158017
160946
158203
158155
158897
160923
161902
161136
161430
158932
159023
158907
158877
158879
161281
159429
159013
161383
156800
157590
155669
161937
158153
159504
160951
160959
161260
157598
161897
154523
160109
154677
161140
161904
162049
158642
161419
158326
158146
161913
158894
158202
154609
158934
161409
159029
158088
158965
161219
155104
161405
161862
154676
161864
161137
161985
159048
161124
160960
154607
161293
158898
157081
161119
157010
161348
161859
158939
161350
161301
161861
158168
161865
161144
158880
161451
161143
158217
161433
158133
158482
158901
161432
158177
159369
158462
158938
158175
161437
158904
159480
158935
158876
158663
161685
160075
158173
158459
158230
158013
158178
161984
159036
158593
161138
154678
158221
161142
158883
161128
161535
161212
161232
158157
161951
158461
161503
161362
158613
161359
159038
155069
157851
158260
159041
161434
160026
159039
161242
158900
158019
161988
161990
158243
158899
161436
158929
157848
157739
159044
158216
158212
156919
158209
161172
158608
158224
160943
158182
156591
154675
156528
161118
161364
158463
159586
161270
157761
161169
161431
161435
159554
160905
158154
161074
158281
158072
161255
161365
161413
158227
161252
155654
158639
161363
161367
158348
158231
161592
157817
158937
159424
161268
157154
158144
159497
161214
158936
158479
158226
157599
161266
161987
159027
159028
161354
161349
158253
158262
159030
158129
159033
161530
158257
158964
156794
160695
158128
161525
161269
160884
158903
161141
158969
158225
158962
158966
159026
158012
155201
154777
161261
158933
158132
158858
158878
161228
158142
158968
160964
158211
159034
156874
158158
161264
158857
160913
158259
161989
161298
158277
158149
157780
159509
161484
158089
161497
159320
159085
158229
158255
158606
158970
161213
161366
158222
154551
157731
157954
154660
161134
161846
161241
160067
159025
158960
159318
158573
161353
157782
161120
161243
157152
161960
158258
161675
159319
161995
160455
159040
159998
158963
154522
158647
161983
160058
157498
161267
161360
158831
154515
158248
158827
156721
158967
158251
158855
158261
155023
158332
158961
158215
158464
158829
159972
161760
158254
158086
158902
160916
155266
157519
158084
161357
158646
160014
161454
161303
161229
160731
157106
160438
158101
158863
160535
161994
159502
158758
157614
161901
157032
161853
160970
160264
160739
159167
158087
156777
161643
155012
161898
158415
157783
158864
161443
158150
158832
156802
161486
157845
158833
155125
156968
159615
155176
157887
157784
159860
157518
161499
161980
156882
159627
161145
157867
161947
154568
161629
161117
157640
159963
161502
158078
157951
160911
158085
158859
159184
162015
161835
160017
158756
157857
159037
160453
161123
156909
161440
158862
161667
157108
157513
157548
156893
158228
158560
156725
158621
160456
160274
162045
158244
157592
161714
161709
160093
157735
159024
161757
156929
157520
157740
161954
161505
160643
157052
155145
160708
162046
157926
157155
156566
156729
158856
157515
160972
159559
159628
161636
159303
154525
161832
157858
158755
161715
158083
162000
161918
157866
157516
161474
162041
158466
156627
160651
162376
157742
157651
160435
161836
159046
161997
160454
154418
157850
161830
159879
155673
157521
161828
158467
159347
161845
162047
154524
158481
154526
161831
157734
161833
161996
160027
158754
159782
162017
157860
162048
159858
156562
156638
158685
158699
158080
162043
161651
161849
157755
160077
157607
159206
161546
157514
157855
159176
158104
157861
162044
155140
158757
161852
158695
159418
161834
159049
159321
162002
158099
158762
161998
157808
158311
159322
161907
157517
158697
162084
161829
154969
159837
161368
158700
159565
159146
156770
160426
157807
157806
157606
158698
161848
159838
161082
157856
160518
159419
162025
159420
157988
161449
158694
157611
157123
159872
162142
157383
160517
161654
158619
155263
162028
159179
159680
159683
157512
162026
158696
157340
157285
160644
161892
159684
159833
161847
161940
159051
161854
155587
160045
159993
162024
157864
160122
155586
161073
162001
159682
160056
162455
161664
162220
161671
157053
159266
160292
162482
157737
161387
157794
161999
160340
162462
157179
156775
157809
159344
162022
160025
159276
159345
161663
157796
161758
160036
158547
162465
159561
159310
156769
157736
161788
155584
155003
160458
154991
160271
159311
159346
159367
161728
162021
159339
157657
162032
157819
158127
160729
160475
162483
158660
155585
159312
159309
157132
157045
157051
155583
159269
154437
156997
158410
159366
155417
162476
157774
160389
160272
161795
162020
159264
157560
160300
154363
157985
159417
160301
157131
159913
160341
160457
160121
160514
160474
160342
159754
155428
157672
156740
157144
156513
161361
154446
158052
157360
157327
156653
159776
156905
156181
155794
155831
161389
158114
158835
158719
158110
158284
