161885
161884
158300
157252
154364
154371
157312
157306
154557
157668
157239
161394
161818
161149
161417
158446
161199
161422
159440
158447
159435
154648
154657
158717
156417
155267
154662
155636
155703
155612
155652
155649
155277
155484
159130
154845
157233
155303
158667
162387
162384
154570
157228
155713
155550
157468
154726
155187
160847
155185
155186
155822
155825
159118
160745
159171
157756
159124
159117
158368
159163
159125
160564
161110
160329
155184
159153
160735
159086
155602
158297
155310
155315
155424
155552
161644
155420
154656
161223
155480
155361
161113
162392
161200
161146
161297
156855
161756
161783
155372
161778
154729
155557
155360
159536
156892
157465
156196
156129
154579
159187
161558
161234
159532
160671
162435
159568
161637
159003
159653
155950
155967
161305
157505
161325
161302
162400
157771
157769
161777
155556
155383
155183
161762
157504
158727
161201
160639
155705
155306
160855
157566
157957
155467
155578
155973
159211
155473
156814
159121
156398
157555
157982
154830
159606
159387
160836
161782
161378
158649
158438
159308
161764
158448
156407
159390
162414
158651
154924
155419
161781
159382
157250
155410
157551
158650
159384
160750
154920
161786
155435
162213
157549
155366
158873
159493
162284
162069
158522
160668
158533
162289
159008
162216
162290
157151
159486
158532
160809
161684
159110
156811
156230
158842
156348
157574
158069
160447
158525
156658
156693
156660
159261
159258
161425
154638
155160
161780
154928
154935
157489
162397
154445
154632
156708
159490
158049
159494
159284
158048
157494
156316
155341
154630
154637
154639
161779
154636
161641
154635
159636
159522
154700
154633
155757
154629
158295
154631
155761
158825
160849
158824
160851
162364
160666
159386
161186
155402
154634
161185
161184
156456
161632
159212
160159
160112
161755
155765
159495
162408
161157
161085
161603
158095
161598
161333
161593
161331
154592
154586
154594
162361
160565
154593
155053
154590
154588
154587
154589
154585
159288
159852
161573
154474
159687
159289
161032
160468
156232
154591
162363
155884
155859
161597
161334
161424
158786
154584
156466
156731
156007
156012
154460
160088
156042
160557
159145
160163
160827
157484
155688
159411
156215
161763
156034
156087
158518
161624
154973
161329
160002
154478
161327
159414
160196
160198
161326
162362
160803
160212
160207
161328
160203
160214
156718
160854
161131
162011
158535
160675
160586
161426
158536
156274
162335
161536
161428
159571
161427
162225
161059
159624
159916
162294
160469
157316
160802
159162
160205
161340
161936
158664
162141
161013
160179
157073
161344
159575
162120
158627
162255
162333
160479
162256
160613
162341
162223
162257
162241
162320
162232
162235
160725
160669
162299
162288
160074
162345
159572
158574
162300
158568
162239
162125
162372
158635
162230
162319
162132
162342
161084
162131
156937
162280
162115
161036
158605
160548
162126
161908
160801
157642
155901
160551
156533
161599
162296
154950
162327
162329
162265
162293
161194
162340
162278
158379
159570
162262
159576
159574
162321
162238
162324
161373
157130
159573
160365
162307
160364
162097
160374
161196
162165
155238
155572
162163
160513
159482
159019
160378
160354
158872
162159
160221
162162
160358
161639
161645
156191
160356
160363
161198
160853
160511
161197
160808
162161
161321
156055
161195
158413
161190
157726
162197
158998
155216
155084
158995
158632
162275
156107
160730
161542
161189
155510
160385
156013
159000
160149
160377
155747
157996
159579
161192
159955
161625
160512
161929
158787
159577
161784
157533
157674
158865
161386
159578
161600
161330
160848
158053
162411
160756
161423
158785
161640
158628
160804
160242
160850
158836
161582
161060
155653
159694
161031
161527
158524
161549
160239
161304
159067
160591
158471
159470
158412
159724
160757
161911
158476
159749
161910
159726
159160
161523
161595
161225
161575
158871
161420
158499
159806
159805
159823
159814
159818
161410
159798
159802
159812
159803
159788
159799
158497
159824
158951
159810
159790
159797
159808
159791
161649
158681
159794
158502
159811
158971
158682
159827
158677
158500
158483
162018
161220
157830
159785
159787
158680
159793
159801
157508
159792
158081
157015
159784
160903
158458
159804
159513
159817
161193
161191
157090
161247
159800
157525
159789
161932
159962
160897
161589
161384
161257
157424
161238
157802
158140
158493
161385
158137
158018
154869
159043
158213
158190
158200
161604
161279
158187
158948
158176
158021
158131
159477
158138
158206
158179
161271
162030
162118
161858
161402
161280
158249
158223
161272
161275
161259
161438
159021
159478
161867
158242
161258
158181
161276
158141
159035
158501
161355
158174
161245
161165
158135
161125
160222
161274
161251
161591
159505
161277
161273
159087
158218
161351
161265
161642
161233
161278
158204
158214
161122
159964
158860
158156
161352
161263
157499
160217
158411
159826
158884
158250
158183
161250
161262
158245
158246
161616
161244
161627
158861
160096
158460
161601
161623
161615
159267
159722
160094
160510
160623
161540
158812
159159
161401
158134
159084
161543
161479
159786
157960
161978
161038
160653
159158
161665
159979
160387
162034
159757
158854
161584
162031
162029
159796
159967
161905
161702
159970
159161
161037
159969
157349
160388
158706
158947
159156
160141
159968
159157
160509
159971
158604
160107
157128
154951
159863
159363
159681
157375
156833
157365
154811
158869
162365
155640
162394
158096
161514
161253
154952
155984
161727
154909
162328
154730
162322
159981
162325
157027
162312
162334
154461
162318
162311
162317
157603
162316
162338
162314
162315
162331
154967
154516
156817
154552
